-1.4 0.0 1.4 0.0 -1.3999999 -2.8 0.0 0.0 0.0 1.4 2.8 0.0 0.0 0.0 0.0 0.0 1.4 1.3999999 1.4 0.0 0.0 0.0 0.0 1.3999999 1.4 2.8 0.0 0.0 0.0 -1.4 1.4 0.0 1.4 -1.3999999 1.4 0.0 1.4 1.3999999 2.8 2.8 1.4 0.0 0.0 0.0 1.4 0.0 1.4 1.4 0.0 0.0 0.0 1.4 1.4 0.0 1.4 0.0 0.0 1.4 0.0 -1.3999999 0.0 0.0 2.8 
1.4 1.4 0.0 -1.4 0.0 2.8 -1.3999999 1.4 0.0 1.4 0.0 1.4 -1.3999999 4.2 0.0 1.4 0.0 1.4 0.0 1.4 2.8 0.0 1.4 1.3999999 2.8 1.3999999 2.8 1.3999999 0.0 0.0 2.8 2.8 2.8 2.8 0.0 0.0 0.0 0.0 0.0 0.0 0.0 2.8 -1.4 1.4 1.4 1.4 1.4 1.4 1.3999999 0.0 0.0 1.4 1.4 1.4 -1.3999999 2.8 0.0 0.0 0.0 0.0 0.0 1.3999999 -1.4 
-2.8 -1.3999999 1.4 0.0 0.0 -1.4 1.4 -1.4 2.8 1.4 1.4 0.0 1.1920929E-7 1.3999999 1.3999999 0.0 1.4 0.0 1.4 0.0 0.0 1.3999999 0.0 0.0 1.4 1.4 0.0 -1.3999999 1.3999999 -2.8 0.0 0.0 0.0 -1.3999999 0.0 1.3999999 0.0 0.0 1.4 1.4 0.0 -1.3999999 1.3999999 -1.3999999 1.4 0.0 1.4 0.0 0.0 -1.4 1.4 1.4 1.4 0.0 1.1920929E-7 1.3999999 -2.8 -1.3999999 0.0 0.0 0.0 -1.1920929E-7 1.4 
0.7 0.7 0.7 -0.7 -0.7 -2.1 -2.1 0.7 0.7 0.7 0.7 0.7 0.7 -0.7 0.7 0.7 0.7 0.7 0.7 -0.7 2.1 0.7 0.7 0.7 -0.7 0.7 -0.7 2.1 0.7 0.7 -0.7 -0.7 0.7 -0.7 2.1 0.7 0.7 0.7 -0.7 0.7 -0.7 2.1 0.7 -0.7 0.7 0.7 0.7 -0.7 2.1 0.7 -0.7 0.7 0.7 0.7 0.7 -0.7 0.7 0.7 -0.7 -0.7 -0.7 -0.7 -0.7 
-0.7 0.7 0.7 3.5 3.5 -2.1 3.4999998 0.7 0.7 2.1 2.1 -0.7 -2.1 2.1 0.7 0.7 2.1 -0.7 0.7 0.7 -2.1 0.7 0.7 -0.69999987 2.1 2.1 -0.7 -0.69999987 0.7 -0.7 0.69999987 4.8999996 3.5 -2.1 0.69999987 0.7 0.7 0.7 0.69999987 2.1 0.7 -2.1 0.7 -0.7 2.1 0.7 -2.1 0.7 -2.1 0.7 -0.7 2.1 2.1 0.7 -3.5 2.1 -0.7 0.7 -0.7 3.5 3.5 -0.7 4.8999996 
-1.3999999 -1.3999999 -2.8 -1.4 0.0 1.4 1.3999999 0.0 -1.4 1.3999999 0.0 0.0 2.8 0.0 -1.4 0.0 1.3999999 -1.4 1.3999999 4.2 -1.4 -1.4 0.0 -1.4 1.3999999 0.0 4.2 0.0 -1.4 -1.3999999 -2.8 0.0 -1.4 2.8 1.3999999 -1.4 -1.4 1.3999999 0.0 1.3999999 2.8 0.0 -1.4 1.4 0.0 0.0 -1.4 2.8 -1.4 0.0 0.0 1.3999999 1.3999999 1.3999999 0.0 0.0 -1.3999999 -2.8 0.0 1.4 1.4 -2.8 0.0 
0.7 -0.7 -0.7 -3.5 -2.1 0.7 0.69999987 0.7 0.69999987 0.7 -0.7 3.5 0.7 -2.1 0.7 0.69999987 0.7 2.1 -0.7 0.7 -0.7 0.7 0.69999987 0.7 -0.7 -2.1 0.7 -0.7 0.7 0.7 -0.7 -0.7 -3.5 -0.7 0.7 0.7 -0.7 2.1 2.1 0.7 -0.7 -0.7 0.7 -0.7 -0.7 0.7 0.7 -0.7 -0.7 0.7 -0.7 0.7 0.7 2.1 0.7 -2.1 0.7 -2.1 -0.7 -2.1 -2.1 -0.7 0.69999987 

-1.4 -1.4 -1.4 -0.7 -2.1 -1.3999999 -0.7 

0.5

0.7

0.001

A B C D E J K 