-2.1765425 0.019363761 0.113054514 1.9038937 -0.3117435 -4.0694914 2.1486456 -0.38154465 0.4759693 1.8566043 3.7446704 -0.35818392 0.43888044 -0.4038446 -0.31735253 -0.3376479 1.5326161 2.389154 1.5866865 0.42189217 -0.17235637 -0.034373224 -0.40063858 2.282623 1.7913396 3.6544824 0.09162378 0.09648037 1.3744831E-4 -2.046753 2.0021539 0.4269793 1.5255485 -1.7994609 2.0189736 0.17342293 1.6626749 -0.078015625 1.9714622 1.9975482 1.6057049 -0.477993 -0.10253084 0.11488259 3.9704301 2.2695868 3.8944244 1.5898955 -0.10418391 -0.2578107 0.11480987 2.2586234 1.5799657 -0.16907352 1.8877339 0.4286046 -1.8965461 2.1194253 -2.344501 -1.9019041 -2.0738852 0.49233508 2.12589 
2.2596977 1.5011766 -2.463983 -1.8704727 -0.03665042 3.6005678 -1.9915595 2.2121985 -0.093529105 1.582741 -0.011986494 2.0129528 -2.0182939 6.433146 0.3879888 2.211331 2.1728582 -0.23075533 2.235792 1.955997 3.5652995 -0.49337077 2.3723643 1.5999393 3.7872236 1.7383506 4.198232 1.6050997 -0.4280069 1.8721323 2.4689968 4.185777 2.1195228 5.8140044 0.37737787 -0.3675536 -0.28314364 0.17441523 -0.27842999 -0.004039049 0.47606564 4.1245546 -0.41416574 -0.43020236 1.7732899 1.7451403 1.8999257 0.24146295 3.8786454 1.9139578 -2.4842503 1.6030238 1.5960611 1.9769689 -3.925222 5.727617 0.36859596 0.47374368 -1.7639189 -0.30043042 -1.977082 1.952534 -2.394163 
-3.5006404 -1.9586303 1.6526841 -0.46605253 0.31313944 -1.7328837 2.3696952 -1.5833402 4.0851345 2.2135272 1.7966125 0.12622166 0.4382193 1.5001128 1.7781239 0.055529356 2.4348247 0.3515594 2.2725973 0.1591208 -0.028383493 1.9418321 0.022147655 0.44888425 1.5347711 1.6507578 0.43968433 -1.9136062 2.1790242 -4.074659 -0.4290886 0.44230223 -0.27310348 -1.5576124 0.042680025 1.9708245 -0.43831778 0.08341694 2.109302 2.1937633 -0.04087341 -2.071297 1.5259502 -1.5108995 1.5715326 0.016417265 2.36171 0.23489869 -0.4492364 -1.9021116 1.6909763 2.436716 2.4328303 -0.45597863 -0.37440753 1.5481551 -4.430846 -1.9452059 0.45440865 0.32741928 -0.20600033 -0.08217454 1.9029211 
3.3212824 2.5829418 -0.5816219 -0.79737735 0.76081645 -4.9444127 -0.8225596 2.834999 1.1352792 3.3823879 0.88304925 3.3842852 4.592103 -5.001509 1.1696539 2.8697488 3.2179053 1.2386911 2.518653 0.5342009 2.5794868 0.77121043 2.618381 -0.77953863 -0.9478996 -0.5880699 -1.1073768 6.879713 1.1077228 1.3856845 -2.967453 -0.7888653 -0.9328785 -1.088798 6.637868 1.0451934 0.79027975 0.61835456 -0.8302994 0.5459018 -0.64006186 4.96072 0.66124344 -0.8593415 3.238014 2.6164076 3.2350821 -1.1113083 3.3954058 3.2320826 -3.2099934 2.69732 3.048819 2.5687323 2.9890225 -3.105858 1.415957 0.66562176 -2.712563 -0.5041349 -2.8794184 -5.4830694 -0.5400245 
2.4919205 1.8550313 -2.3773212 2.3338404 4.322541 1.7188675 3.7538044 2.0161362 -0.20601022 2.393194 0.18586016 0.26545382 -1.9163902 0.34111738 0.28505874 2.1355274 2.4679887 -1.5781393 1.6557586 2.0912948 -4.4894934 0.31073403 1.5145268 0.3325863 3.7997808 1.5867822 1.6803355 -2.4332023 -0.10396004 2.2072885 -2.3459535 4.348708 1.9543552 -2.2280865 1.9970901 -0.10688186 -0.08377051 -0.30681705 -1.6438093 -0.105140686 0.13665366 -1.6459785 0.46834898 -0.06773639 1.6128817 2.0324526 -2.2786326 -0.053705215 -3.5474827 1.8093581 -2.0535526 1.680767 2.0387716 1.6139944 -5.859618 1.8325706 0.27484357 -0.21404266 -2.4817293 3.6283927 1.9002942 0.089357376 4.3993726 
-1.8595374 -2.1688318 -4.4314113 -2.1524267 -0.45659137 1.7717154 2.3143392 0.09609532 -2.2469378 1.5462706 0.45812178 -0.34132028 4.1722527 0.100656986 -1.8560243 -0.30513287 2.1852386 -1.6029603 1.9630451 5.8866296 -1.6810498 -1.7237915 0.27211785 -1.5179697 1.7438142 0.16670871 5.8580933 -0.34349084 -2.2215583 -1.5109334 -4.27036 0.2746359 -2.0597765 4.0217156 2.103428 -1.9513296 -2.361999 1.9773598 0.35942554 1.9821048 4.014078 0.2768128 -1.6624682 1.5567272 -0.46776557 -0.47767353 -2.4283738 4.0239506 -1.6120126 -0.43730497 0.15796554 2.251663 1.5396719 1.7347684 -0.05070424 0.16621423 -1.6328635 -4.1347113 -0.3136549 1.9280844 1.5427632 -4.2437882 -0.17765403 
3.555088 2.4215465 0.066987276 -8.022606 -4.072406 4.0381207 2.487968 1.7568798 1.5982674 1.9445989 -2.3125148 3.676642 3.9094596 -2.4198487 0.35678756 4.0173025 -0.127105 2.4683266 4.4955206 1.9573021 -0.429811 0.26874614 3.9275665 0.45021915 4.4235344 -2.065866 1.5426872 0.17413116 0.20133448 3.9504976 2.381565 -0.088030756 -0.34557724 -0.23298025 -0.043356657 -0.13950825 0.01877439 2.0929418 1.9928628 0.3157661 -2.4826689 0.18205094 -2.4766028 1.6646183 0.3969307 1.6126232 4.256275 -0.39025903 -2.1503272 0.36373806 -0.31299603 1.5720274 2.4978204 4.2903104 2.2467217 -4.4861903 1.5270789 -2.097868 0.09988117 -3.7067394 -3.7024646 -0.20951653 2.123039 

-2.3588777 -2.4395247 -1.8561219 -2.7319164 -1.9903872 -2.3183131 -2.282748 

0.6

1.0

0.001

A B C D E J K 