-2.0 0.0 2.0 0.0 -2.0 -4.0 0.0 0.0 0.0 2.0 4.0 0.0 0.0 0.0 0.0 0.0 2.0 2.0 2.0 0.0 0.0 0.0 0.0 2.0 2.0 4.0 0.0 0.0 0.0 -2.0 2.0 0.0 2.0 -2.0 2.0 0.0 2.0 2.0 4.0 4.0 2.0 0.0 0.0 0.0 2.0 0.0 2.0 2.0 0.0 0.0 0.0 2.0 2.0 0.0 2.0 0.0 0.0 2.0 0.0 -2.0 0.0 0.0 4.0 
2.0 2.0 0.0 -2.0 0.0 4.0 -2.0 2.0 0.0 2.0 0.0 2.0 -2.0 6.0 0.0 2.0 0.0 2.0 0.0 2.0 4.0 0.0 2.0 2.0 4.0 2.0 4.0 2.0 0.0 0.0 4.0 4.0 4.0 4.0 0.0 0.0 0.0 0.0 0.0 0.0 0.0 4.0 -2.0 2.0 2.0 2.0 2.0 2.0 2.0 0.0 0.0 2.0 2.0 2.0 -2.0 4.0 0.0 0.0 0.0 0.0 0.0 2.0 -2.0 
-4.0 -2.0 2.0 0.0 0.0 -2.0 2.0 -2.0 4.0 2.0 2.0 0.0 0.0 2.0 2.0 0.0 2.0 0.0 2.0 0.0 0.0 2.0 0.0 0.0 2.0 2.0 0.0 -2.0 2.0 -4.0 0.0 0.0 0.0 -2.0 0.0 2.0 0.0 0.0 2.0 2.0 0.0 -2.0 2.0 -2.0 2.0 0.0 2.0 0.0 0.0 -2.0 2.0 2.0 2.0 0.0 0.0 2.0 -4.0 -2.0 0.0 0.0 0.0 0.0 2.0 
1.0 1.0 1.0 -1.0 -1.0 -3.0 -3.0 1.0 1.0 1.0 1.0 1.0 1.0 -1.0 1.0 1.0 1.0 1.0 1.0 -1.0 3.0 1.0 1.0 1.0 -1.0 1.0 -1.0 3.0 1.0 1.0 -1.0 -1.0 1.0 -1.0 3.0 1.0 1.0 1.0 -1.0 1.0 -1.0 3.0 1.0 -1.0 1.0 1.0 1.0 -1.0 3.0 1.0 -1.0 1.0 1.0 1.0 1.0 -1.0 1.0 1.0 -1.0 -1.0 -1.0 -1.0 -1.0 
-1.0 1.0 1.0 5.0 5.0 -3.0 5.0 1.0 1.0 3.0 3.0 -1.0 -3.0 3.0 1.0 1.0 3.0 -1.0 1.0 1.0 -3.0 1.0 1.0 -1.0 3.0 3.0 -1.0 -1.0 1.0 -1.0 1.0 7.0 5.0 -3.0 1.0 1.0 1.0 1.0 1.0 3.0 1.0 -3.0 1.0 -1.0 3.0 1.0 -3.0 1.0 -3.0 1.0 -1.0 3.0 3.0 1.0 -5.0 3.0 -1.0 1.0 -1.0 5.0 5.0 -1.0 7.0 
-2.0 -2.0 -4.0 -2.0 0.0 2.0 2.0 0.0 -2.0 2.0 0.0 0.0 4.0 0.0 -2.0 0.0 2.0 -2.0 2.0 6.0 -2.0 -2.0 0.0 -2.0 2.0 0.0 6.0 0.0 -2.0 -2.0 -4.0 0.0 -2.0 4.0 2.0 -2.0 -2.0 2.0 0.0 2.0 4.0 0.0 -2.0 2.0 0.0 0.0 -2.0 4.0 -2.0 0.0 0.0 2.0 2.0 2.0 0.0 0.0 -2.0 -4.0 0.0 2.0 2.0 -4.0 0.0 
1.0 -1.0 -1.0 -5.0 -3.0 1.0 1.0 1.0 1.0 1.0 -1.0 5.0 1.0 -3.0 1.0 1.0 1.0 3.0 -1.0 1.0 -1.0 1.0 1.0 1.0 -1.0 -3.0 1.0 -1.0 1.0 1.0 -1.0 -1.0 -5.0 -1.0 1.0 1.0 -1.0 3.0 3.0 1.0 -1.0 -1.0 1.0 -1.0 -1.0 1.0 1.0 -1.0 -1.0 1.0 -1.0 1.0 1.0 3.0 1.0 -3.0 1.0 -3.0 -1.0 -3.0 -3.0 -1.0 1.0 

-2.0 -2.0 -2.0 -1.0 -3.0 -2.0 -1.0 

0.95000017

1.0

0.001

A B C D E J K 