-0.6 0.0 0.6 0.0 -0.6 -1.2 0.0 0.0 0.0 0.6 1.2 0.0 0.0 0.0 0.0 0.0 0.6 0.6 0.6 0.0 0.0 0.0 0.0 0.6 0.6 1.2 0.0 0.0 0.0 -0.6 0.6 0.0 0.6 -0.6 0.6 0.0 0.6 0.6 1.2 1.2 0.6 0.0 0.0 0.0 0.6 0.0 0.6 0.6 0.0 0.0 0.0 0.6 0.6 0.0 0.6 0.0 0.0 0.6 0.0 -0.6 0.0 0.0 1.2 
0.6 0.6 0.0 -0.6 0.0 1.2 -0.6 0.6 0.0 0.6 0.0 0.6 -0.6 1.8 0.0 0.6 0.0 0.6 0.0 0.6 1.2 0.0 0.6 0.6 1.2 0.6 1.2 0.6 0.0 0.0 1.2 1.2 1.2 1.2 0.0 0.0 0.0 0.0 0.0 0.0 0.0 1.2 -0.6 0.6 0.6 0.6 0.6 0.6 0.6 0.0 0.0 0.6 0.6 0.6 -0.6 1.2 0.0 0.0 0.0 0.0 0.0 0.6 -0.6 
-1.2 -0.6 0.6 0.0 0.0 -0.6 0.6 -0.6 1.2 0.6 0.6 0.0 0.0 0.6 0.6 0.0 0.6 0.0 0.6 0.0 0.0 0.6 0.0 0.0 0.6 0.6 0.0 -0.6 0.6 -1.2 0.0 0.0 0.0 -0.6 0.0 0.6 0.0 0.0 0.6 0.6 0.0 -0.6 0.6 -0.6 0.6 0.0 0.6 0.0 0.0 -0.6 0.6 0.6 0.6 0.0 0.0 0.6 -1.2 -0.6 0.0 0.0 0.0 0.0 0.6 
0.3 0.3 0.3 -0.3 -0.3 -0.90000004 -0.90000004 0.3 0.3 0.3 0.3 0.3 0.3 -0.3 0.3 0.3 0.3 0.3 0.3 -0.3 0.90000004 0.3 0.3 0.3 -0.3 0.3 -0.3 0.90000004 0.3 0.3 -0.3 -0.3 0.3 -0.3 0.90000004 0.3 0.3 0.3 -0.3 0.3 -0.3 0.90000004 0.3 -0.3 0.3 0.3 0.3 -0.3 0.90000004 0.3 -0.3 0.3 0.3 0.3 0.3 -0.3 0.3 0.3 -0.3 -0.3 -0.3 -0.3 -0.3 
-0.3 0.3 0.3 1.5 1.5 -0.90000004 1.5 0.3 0.3 0.90000004 0.90000004 -0.3 -0.90000004 0.90000004 0.3 0.3 0.90000004 -0.3 0.3 0.3 -0.90000004 0.3 0.3 -0.3 0.90000004 0.90000004 -0.3 -0.3 0.3 -0.3 0.3 2.1 1.5 -0.90000004 0.3 0.3 0.3 0.3 0.3 0.90000004 0.3 -0.90000004 0.3 -0.3 0.90000004 0.3 -0.90000004 0.3 -0.90000004 0.3 -0.3 0.90000004 0.90000004 0.3 -1.5 0.90000004 -0.3 0.3 -0.3 1.5 1.5 -0.3 2.1 
-0.6 -0.6 -1.2 -0.6 0.0 0.6 0.6 0.0 -0.6 0.6 0.0 0.0 1.2 0.0 -0.6 0.0 0.6 -0.6 0.6 1.8 -0.6 -0.6 0.0 -0.6 0.6 0.0 1.8 0.0 -0.6 -0.6 -1.2 0.0 -0.6 1.2 0.6 -0.6 -0.6 0.6 0.0 0.6 1.2 0.0 -0.6 0.6 0.0 0.0 -0.6 1.2 -0.6 0.0 0.0 0.6 0.6 0.6 0.0 0.0 -0.6 -1.2 0.0 0.6 0.6 -1.2 0.0 
0.3 -0.3 -0.3 -1.5 -0.90000004 0.3 0.3 0.3 0.3 0.3 -0.3 1.5 0.3 -0.90000004 0.3 0.3 0.3 0.90000004 -0.3 0.3 -0.3 0.3 0.3 0.3 -0.3 -0.90000004 0.3 -0.3 0.3 0.3 -0.3 -0.3 -1.5 -0.3 0.3 0.3 -0.3 0.90000004 0.90000004 0.3 -0.3 -0.3 0.3 -0.3 -0.3 0.3 0.3 -0.3 -0.3 0.3 -0.3 0.3 0.3 0.90000004 0.3 -0.90000004 0.3 -0.90000004 -0.3 -0.90000004 -0.90000004 -0.3 0.3 

-0.6 -0.6 -0.6 -0.3 -0.90000004 -0.6 -0.3 

0.5

0.3

0.001

A B C D E J K 