-1.5000002 0.0 1.5000002 0.0 -1.5000004 -3.0000005 0.0 0.0 0.0 1.5000002 3.0000005 0.0 0.0 0.0 0.0 0.0 1.5000002 1.5000004 1.5000002 0.0 0.0 0.0 0.0 1.5000004 1.5000002 3.0000005 0.0 0.0 0.0 -1.5000002 1.5000002 0.0 1.5000002 -1.5000004 1.5000002 0.0 1.5000002 1.5000004 3.0000005 3.0000005 1.5000002 0.0 0.0 0.0 1.5000002 0.0 1.5000002 1.5000002 0.0 0.0 0.0 1.5000002 1.5000002 0.0 1.5000002 0.0 0.0 1.5000002 0.0 -1.5000004 0.0 0.0 3.0000005 
1.5000002 1.5000002 0.0 -1.5000002 0.0 3.0000005 -1.5000004 1.5000002 0.0 1.5000002 0.0 1.5000002 -1.5000004 4.5000005 0.0 1.5000002 0.0 1.5000002 0.0 1.5000002 3.0000005 0.0 1.5000002 1.5000004 3.0000005 1.5000004 3.0000005 1.5000004 0.0 0.0 3.0000005 3.0000005 3.0000005 3.0000005 0.0 0.0 0.0 0.0 0.0 0.0 0.0 3.0000005 -1.5000002 1.5000002 1.5000002 1.5000002 1.5000002 1.5000002 1.5000004 0.0 0.0 1.5000002 1.5000002 1.5000002 -1.5000004 3.0000005 0.0 0.0 0.0 0.0 0.0 1.5000004 -1.5000002 
-3.0000005 -1.5000004 1.5000002 0.0 0.0 -1.5000002 1.5000002 -1.5000002 3.0000005 1.5000002 1.5000002 0.0 -1.1920929E-7 1.5000004 1.5000004 0.0 1.5000002 0.0 1.5000002 0.0 0.0 1.5000004 0.0 0.0 1.5000002 1.5000002 0.0 -1.5000004 1.5000004 -3.0000005 0.0 0.0 0.0 -1.5000004 0.0 1.5000004 0.0 0.0 1.5000002 1.5000002 0.0 -1.5000004 1.5000004 -1.5000004 1.5000002 0.0 1.5000002 0.0 0.0 -1.5000002 1.5000002 1.5000002 1.5000002 0.0 -1.1920929E-7 1.5000004 -3.0000005 -1.5000004 0.0 0.0 0.0 1.1920929E-7 1.5000002 
0.7500001 0.7500001 0.7500001 -0.7500001 -0.7500001 -2.2500005 -2.2500005 0.7500001 0.7500001 0.7500001 0.7500001 0.7500001 0.7500001 -0.7500001 0.7500001 0.7500001 0.7500001 0.7500001 0.7500001 -0.7500001 2.2500005 0.7500001 0.7500001 0.7500001 -0.7500001 0.7500001 -0.7500001 2.2500005 0.7500001 0.7500001 -0.7500001 -0.7500001 0.7500001 -0.7500001 2.2500005 0.7500001 0.7500001 0.7500001 -0.7500001 0.7500001 -0.7500001 2.2500005 0.7500001 -0.7500001 0.7500001 0.7500001 0.7500001 -0.7500001 2.2500005 0.7500001 -0.7500001 0.7500001 0.7500001 0.7500001 0.7500001 -0.7500001 0.7500001 0.7500001 -0.7500001 -0.7500001 -0.7500001 -0.7500001 -0.7500001 
-0.7500001 0.7500001 0.7500001 3.7500005 3.7500005 -2.2500005 3.7500005 0.7500001 0.7500001 2.2500005 2.2500005 -0.7500001 -2.2500005 2.2500005 0.7500001 0.7500001 2.2500005 -0.7500001 0.7500001 0.7500001 -2.2500005 0.7500001 0.7500001 -0.75000024 2.2500005 2.2500005 -0.7500001 -0.75000024 0.7500001 -0.7500001 0.75000024 5.2500005 3.7500005 -2.2500005 0.75000024 0.7500001 0.7500001 0.7500001 0.75000024 2.2500005 0.7500001 -2.2500005 0.7500001 -0.7500001 2.2500005 0.7500001 -2.2500005 0.7500001 -2.2500005 0.7500001 -0.7500001 2.2500005 2.2500005 0.7500001 -3.7500005 2.2500005 -0.7500001 0.7500001 -0.7500001 3.7500005 3.7500005 -0.7500001 5.2500005 
-1.5000004 -1.5000004 -3.0000005 -1.5000002 0.0 1.5000002 1.5000004 0.0 -1.5000002 1.5000004 0.0 0.0 3.0000005 0.0 -1.5000002 0.0 1.5000004 -1.5000002 1.5000004 4.5000005 -1.5000002 -1.5000002 0.0 -1.5000002 1.5000004 0.0 4.5000005 0.0 -1.5000002 -1.5000004 -3.0000005 0.0 -1.5000002 3.0000005 1.5000004 -1.5000002 -1.5000002 1.5000004 0.0 1.5000004 3.0000005 0.0 -1.5000002 1.5000002 0.0 0.0 -1.5000002 3.0000005 -1.5000002 0.0 0.0 1.5000004 1.5000004 1.5000004 0.0 0.0 -1.5000004 -3.0000005 0.0 1.5000002 1.5000002 -3.0000005 0.0 
0.7500001 -0.7500001 -0.7500001 -3.7500005 -2.2500005 0.7500001 0.75000024 0.7500001 0.75000024 0.7500001 -0.7500001 3.7500005 0.7500001 -2.2500005 0.7500001 0.75000024 0.7500001 2.2500005 -0.7500001 0.7500001 -0.7500001 0.7500001 0.75000024 0.7500001 -0.7500001 -2.2500005 0.7500001 -0.7500001 0.7500001 0.7500001 -0.7500001 -0.7500001 -3.7500005 -0.7500001 0.7500001 0.7500001 -0.7500001 2.2500005 2.2500005 0.7500001 -0.7500001 -0.7500001 0.7500001 -0.7500001 -0.7500001 0.7500001 0.7500001 -0.7500001 -0.7500001 0.7500001 -0.7500001 0.7500001 0.7500001 2.2500005 0.7500001 -2.2500005 0.7500001 -2.2500005 -0.7500001 -2.2500005 -2.2500005 -0.7500001 0.75000024 

-1.5000002 -1.5000002 -1.5000002 -0.7500001 -2.2500005 -1.5000004 -0.7500001 

1.0

0.7500001

0.001

A B C D E J K 