-0.1 -0.1 0.0 0.1 0.0 -0.1 -0.1 0.0 -0.1 0.0 0.1 -0.1 0.0 0.0 0.0 -0.1 0.0 0.0 0.0 0.0 0.0 0.0 -0.1 0.0 0.0 0.1 0.0 0.0 0.0 -0.1 0.0 0.0 0.1 0.0 0.0 0.0 0.0 0.1 0.0 0.1 0.1 0.0 0.0 0.0 0.0 0.0 -0.1 0.1 0.0 0.0 0.0 0.0 0.0 0.0 0.0 0.0 0.0 0.0 0.0 0.0 0.1 0.0 0.0 
0.0 0.0 0.0 0.0 0.0 0.10000001 -0.1 0.0 0.0 0.0 0.0 0.0 -0.10000001 0.10000001 0.0 0.0 0.0 0.0 -0.1 0.0 0.1 0.0 0.0 0.0 0.0 0.0 0.1 0.0 0.0 0.0 0.1 0.1 0.0 0.1 0.0 0.0 0.0 0.0 0.0 0.0 0.0 0.1 0.0 0.0 0.0 0.0 0.0 0.0 0.1 0.0 0.0 0.0 0.0 0.0 -0.10000001 0.10000001 0.0 0.0 0.0 0.0 0.0 0.10000001 -0.1 
-0.15 -0.15 0.05 0.05 -0.05 -0.05 0.05 -0.05 0.15 0.05 0.05 0.05 -0.05 0.15 0.15 -0.05 0.05 0.05 0.05 -0.05 0.05 0.15 -0.05 0.05 -0.05 0.05 -0.05 -0.05 0.15 -0.05 -0.05 -0.05 0.05 -0.05 -0.05 0.15 -0.05 0.05 -0.05 0.05 -0.05 -0.05 0.15 -0.05 0.05 0.05 0.05 -0.05 0.05 -0.05 0.05 0.05 0.05 0.05 -0.05 0.05 -0.15 -0.15 -0.05 -0.05 -0.05 0.05 -0.05 
0.1 0.1 0.0 0.0 0.0 -0.1 -0.1 0.1 -0.1 0.0 0.0 0.0 0.1 -0.1 0.0 0.0 0.0 0.0 0.0 0.0 0.1 0.0 0.0 0.0 -0.1 0.0 0.0 0.2 0.0 0.0 -0.1 -0.1 0.0 0.0 0.2 0.0 0.0 0.0 -0.1 0.0 0.0 0.2 0.0 0.0 0.0 0.0 0.0 0.0 0.1 0.1 -0.1 0.0 0.0 0.0 0.1 -0.1 0.1 0.1 0.0 0.0 0.0 -0.1 -0.1 
0.05 0.05 -0.05 0.25 0.25 -0.05 0.25 0.05000001 -0.05000001 0.05 0.05 -0.15 -0.05 0.05 -0.05 0.05 0.05 -0.15 0.05 0.05 -0.25 -0.05 0.05 -0.05000001 0.35000002 0.15 0.05 -0.25 -0.05 0.05 -0.05 0.25 0.05 -0.25 0.05 -0.05 0.05 0.05 0.05000001 0.05 0.05 -0.25 -0.05 0.05 0.05 0.05 -0.25 0.05 -0.25 0.05000001 -0.05000001 0.05 0.05 0.05 -0.25 0.05 0.05 0.05 -0.05 0.25 0.25 -0.05 0.35000002 
0.0 0.0 -0.1 -0.1 0.0 0.2 0.10000001 0.0 -0.1 0.0 -0.1 0.0 0.1 0.0 -0.1 0.0 0.0 -0.1 0.0 0.2 -0.1 -0.1 0.0 -0.1 0.0 -0.1 0.2 0.0 -0.1 0.0 -0.1 0.0 -0.1 0.2 0.0 -0.1 -0.1 0.0 0.0 0.0 0.1 0.0 -0.1 0.1 -0.1 -0.1 -0.1 0.1 -0.1 0.0 0.0 0.0 0.0 0.0 0.0 0.0 0.0 -0.1 0.1 0.1 0.1 -0.1 0.0 
0.2 0.1 0.0 -0.2 -0.1 0.10000001 0.0 0.1 0.0 0.0 -0.10000001 0.2 0.0 -0.1 0.0 0.1 0.0 0.1 0.0 0.0 0.0 0.0 0.1 0.1 0.0 -0.10000001 0.0 0.0 0.0 0.2 0.0 0.0 -0.10000001 0.0 0.0 0.0 0.0 0.1 0.1 0.0 -0.10000001 0.0 0.0 0.0 -0.10000001 0.0 0.0 -0.10000001 0.0 0.1 -0.1 0.0 0.0 0.1 0.0 -0.1 0.2 0.0 0.0 -0.1 -0.1 0.0 0.1 

0.0 0.0 -0.05 0.0 -0.05 0.0 0.0 

1.0

0.05

0.001

A B C D E J K 