-0.4 0.0 0.4 0.0 -0.40000004 -0.8 0.0 0.0 0.0 0.4 0.8 0.0 0.0 0.0 0.0 0.0 0.4 0.40000004 0.4 0.0 0.0 0.0 0.0 0.40000004 0.4 0.8 0.0 0.0 0.0 -0.4 0.4 0.0 0.4 -0.40000004 0.4 0.0 0.4 0.40000004 0.8 0.8 0.4 0.0 0.0 0.0 0.4 0.0 0.4 0.4 0.0 0.0 0.0 0.4 0.4 0.0 0.4 0.0 0.0 0.4 0.0 -0.40000004 0.0 0.0 0.8 
0.2 0.2 -0.2 -0.2 -0.2 0.6 -0.6 0.2 -0.2 0.2 0.2 0.2 -0.6 1.0 -0.2 0.2 0.2 0.2 0.2 0.2 0.6 -0.2 0.2 0.6 0.6 0.6 0.6 0.20000003 -0.2 0.2 0.6 0.6 0.6 1.0 -0.2 -0.2 0.2 0.2 0.2 0.2 0.2 0.6 -0.2 0.2 0.2 0.2 0.2 0.2 0.6 0.2 -0.2 0.2 0.2 0.2 -0.6 1.0 0.2 0.2 -0.2 -0.2 -0.2 0.6 -0.2 
-0.8 -0.40000004 0.4 0.0 0.0 -0.4 0.4 -0.4 0.8 0.4 0.4 0.0 -2.9802322E-8 0.40000004 0.40000004 0.0 0.4 0.0 0.4 0.0 0.0 0.40000004 0.0 0.0 0.4 0.4 0.0 -0.40000004 0.40000004 -0.8 0.0 0.0 0.0 -0.40000004 0.0 0.40000004 0.0 0.0 0.4 0.4 0.0 -0.40000004 0.40000004 -0.40000004 0.4 0.0 0.4 0.0 0.0 -0.4 0.4 0.4 0.4 0.0 -2.9802322E-8 0.40000004 -0.8 -0.40000004 0.0 0.0 0.0 2.9802322E-8 0.4 
0.2 0.2 0.2 -0.2 -0.2 -0.6 -0.6 0.2 0.2 0.2 0.2 0.2 0.2 -0.2 0.2 0.2 0.2 0.2 0.2 -0.2 0.6 0.2 0.2 0.2 -0.2 0.2 -0.2 0.6 0.2 0.2 -0.2 -0.2 0.2 -0.2 0.6 0.2 0.2 0.2 -0.2 0.2 -0.2 0.6 0.2 -0.2 0.2 0.2 0.2 -0.2 0.6 0.2 -0.2 0.2 0.2 0.2 0.2 -0.2 0.2 0.2 -0.2 -0.2 -0.2 -0.2 -0.2 
0.2 0.2 0.2 0.2 0.2 -0.2 0.2 0.2 0.2 0.2 0.2 -0.2 -0.2 0.20000003 0.2 0.2 0.2 -0.2 0.2 -0.2 -0.2 0.2 0.2 -0.2 0.6 0.2 -0.2 -0.2 0.2 0.2 0.2 0.6 0.2 -0.6 0.2 0.2 0.2 0.2 0.2 0.2 -0.2 -0.2 0.2 -0.2 0.2 0.2 -0.2 -0.2 -0.2 0.2 -0.2 0.2 0.2 0.2 -0.6 0.20000003 0.2 0.2 -0.2 0.2 0.2 0.2 0.6 
-0.2 -0.2 -0.6 0.2 0.2 0.2 0.2 0.2 -0.6 0.2 0.2 -0.2 0.2 0.2 -0.2 -0.2 0.2 -0.2 0.2 0.6 -0.2 -0.2 -0.2 -0.2 0.2 0.2 0.6 0.2 -0.2 -0.2 -0.2 0.2 0.2 0.6 0.2 -0.2 -0.2 0.2 -0.2 0.2 0.6 0.2 -0.2 0.2 0.2 0.2 -0.2 0.6 -0.2 0.2 -0.2 0.2 0.2 0.2 -0.2 0.2 -0.2 -0.2 -0.2 0.2 0.2 -0.2 -0.2 
0.2 -0.2 -0.2 -1.0 -0.6 0.2 0.20000003 0.2 0.20000003 0.2 -0.2 1.0 0.2 -0.6 0.2 0.20000003 0.2 0.6 -0.2 0.2 -0.2 0.2 0.20000003 0.2 -0.2 -0.6 0.2 -0.2 0.2 0.2 -0.2 -0.2 -1.0 -0.2 0.2 0.2 -0.2 0.6 0.6 0.2 -0.2 -0.2 0.2 -0.2 -0.2 0.2 0.2 -0.2 -0.2 0.2 -0.2 0.2 0.2 0.6 0.2 -0.6 0.2 -0.6 -0.2 -0.6 -0.6 -0.2 0.20000003 

-0.4 -0.2 -0.4 -0.2 -0.2 -0.2 -0.2 

1.0

0.2

0.001

A B C D E J K 