-0.3 0.0 0.3 0.0 -0.3 -0.6 0.0 0.0 0.0 0.3 0.6 0.0 0.0 0.0 0.0 0.0 0.3 0.3 0.3 0.0 0.0 0.0 0.0 0.3 0.3 0.6 0.0 0.0 0.0 -0.3 0.3 0.0 0.3 -0.3 0.3 0.0 0.3 0.3 0.6 0.6 0.3 0.0 0.0 0.0 0.3 0.0 0.3 0.3 0.0 0.0 0.0 0.3 0.3 0.0 0.3 0.0 0.0 0.3 0.0 -0.3 0.0 0.0 0.6 
0.15 0.15 -0.15 -0.15 -0.15 0.45000002 -0.45000002 0.15 -0.15 0.15 0.15 0.15 -0.45000002 0.75 -0.15 0.15 0.15 0.15 0.15 0.15 0.45000002 -0.15 0.15 0.45000002 0.45000002 0.45000002 0.45000002 0.15 -0.15 0.15 0.45000002 0.45000002 0.45000002 0.75 -0.15 -0.15 0.15 0.15 0.15 0.15 0.15 0.45000002 -0.15 0.15 0.15 0.15 0.15 0.15 0.45000002 0.15 -0.15 0.15 0.15 0.15 -0.45000002 0.75 0.15 0.15 -0.15 -0.15 -0.15 0.45000002 -0.15 
-0.6 -0.3 0.3 0.0 0.0 -0.3 0.3 -0.3 0.6 0.3 0.3 0.0 0.0 0.3 0.3 0.0 0.3 0.0 0.3 0.0 0.0 0.3 0.0 0.0 0.3 0.3 0.0 -0.3 0.3 -0.6 0.0 0.0 0.0 -0.3 0.0 0.3 0.0 0.0 0.3 0.3 0.0 -0.3 0.3 -0.3 0.3 0.0 0.3 0.0 0.0 -0.3 0.3 0.3 0.3 0.0 0.0 0.3 -0.6 -0.3 0.0 0.0 0.0 0.0 0.3 
0.15 0.15 -0.15 -0.15 -0.15 -0.45000002 -0.15 0.15 -0.15 0.15 0.15 0.15 0.45000002 -0.45000002 -0.15 0.15 0.15 0.15 0.15 0.15 0.15 -0.15 0.15 0.15 -0.15 0.15 0.15 0.45000002 -0.15 -0.15 -0.45000002 -0.45000002 -0.15 -0.15 0.75 -0.15 0.15 0.15 -0.15 0.15 0.15 0.45000002 -0.15 0.15 0.15 0.15 0.15 0.15 0.15 0.15 -0.15 0.15 0.15 0.15 0.45000002 -0.45000002 0.15 0.15 -0.15 -0.15 -0.15 -0.45000002 -0.15 
0.15 0.15 0.15 0.15 0.15 -0.15 0.15 0.15 0.15 0.15 0.15 -0.15 -0.15 0.15 0.15 0.15 0.15 -0.15 0.15 -0.15 -0.15 0.15 0.15 -0.15 0.45000002 0.15 -0.15 -0.15 0.15 0.15 0.15 0.45000002 0.15 -0.45000002 0.15 0.15 0.15 0.15 0.15 0.15 -0.15 -0.15 0.15 -0.15 0.15 0.15 -0.15 -0.15 -0.15 0.15 -0.15 0.15 0.15 0.15 -0.45000002 0.15 0.15 0.15 -0.15 0.15 0.15 0.15 0.45000002 
-0.15 -0.15 -0.45000002 0.15 0.15 0.15 0.15 0.15 -0.45000002 0.15 0.15 -0.15 0.15 0.15 -0.15 -0.15 0.15 -0.15 0.15 0.45000002 -0.15 -0.15 -0.15 -0.15 0.15 0.15 0.45000002 0.15 -0.15 -0.15 -0.15 0.15 0.15 0.45000002 0.15 -0.15 -0.15 0.15 -0.15 0.15 0.45000002 0.15 -0.15 0.15 0.15 0.15 -0.15 0.45000002 -0.15 0.15 -0.15 0.15 0.15 0.15 -0.15 0.15 -0.15 -0.15 -0.15 0.15 0.15 -0.15 -0.15 
0.15 -0.15 -0.15 -0.75 -0.45000002 0.15 0.15 0.15 0.15 0.15 -0.15 0.75 0.15 -0.45000002 0.15 0.15 0.15 0.45000002 -0.15 0.15 -0.15 0.15 0.15 0.15 -0.15 -0.45000002 0.15 -0.15 0.15 0.15 -0.15 -0.15 -0.75 -0.15 0.15 0.15 -0.15 0.45000002 0.45000002 0.15 -0.15 -0.15 0.15 -0.15 -0.15 0.15 0.15 -0.15 -0.15 0.15 -0.15 0.15 0.15 0.45000002 0.15 -0.45000002 0.15 -0.45000002 -0.15 -0.45000002 -0.45000002 -0.15 0.15 

-0.3 -0.15 -0.3 -0.15 -0.15 -0.15 -0.15 

1.0

0.15

0.001

A B C D E J K 