-1.8000003 0.0 1.8000003 0.0 -1.8000004 -3.6000006 0.0 0.0 0.0 1.8000003 3.6000006 0.0 0.0 0.0 0.0 0.0 1.8000003 1.8000004 1.8000003 0.0 0.0 0.0 0.0 1.8000004 1.8000003 3.6000006 0.0 0.0 0.0 -1.8000003 1.8000003 0.0 1.8000003 -1.8000004 1.8000003 0.0 1.8000003 1.8000004 3.6000006 3.6000006 1.8000003 0.0 0.0 0.0 1.8000003 0.0 1.8000003 1.8000003 0.0 0.0 0.0 1.8000003 1.8000003 0.0 1.8000003 0.0 0.0 1.8000003 0.0 -1.8000004 0.0 0.0 3.6000006 
1.8000003 1.8000003 0.0 -1.8000003 0.0 3.6000006 -1.8000004 1.8000003 0.0 1.8000003 0.0 1.8000003 -1.8000004 5.400001 0.0 1.8000003 0.0 1.8000003 0.0 1.8000003 3.6000006 0.0 1.8000003 1.8000004 3.6000006 1.8000004 3.6000006 1.8000004 0.0 0.0 3.6000006 3.6000006 3.6000006 3.6000009 0.0 0.0 0.0 0.0 0.0 0.0 0.0 3.6000006 -1.8000003 1.8000003 1.8000003 1.8000003 1.8000003 1.8000003 1.8000004 0.0 0.0 1.8000003 1.8000003 1.8000003 -1.8000004 3.6000009 0.0 0.0 0.0 0.0 0.0 1.8000004 -1.8000003 
-3.6000006 -1.8000004 1.8000003 0.0 0.0 -1.8000003 1.8000003 -1.8000003 3.6000006 1.8000003 1.8000003 0.0 -1.1920929E-7 1.8000004 1.8000004 0.0 1.8000003 0.0 1.8000003 0.0 0.0 1.8000004 0.0 0.0 1.8000003 1.8000003 0.0 -1.8000004 1.8000004 -3.6000006 0.0 0.0 0.0 -1.8000004 0.0 1.8000004 0.0 0.0 1.8000003 1.8000003 0.0 -1.8000004 1.8000004 -1.8000004 1.8000003 0.0 1.8000003 0.0 0.0 -1.8000003 1.8000003 1.8000003 1.8000003 0.0 -1.1920929E-7 1.8000004 -3.6000006 -1.8000004 0.0 0.0 0.0 1.1920929E-7 1.8000003 
0.90000015 0.90000015 0.90000015 -0.90000015 -0.90000015 -2.7000005 -2.7000005 0.90000015 0.90000015 0.90000015 0.90000015 0.90000015 0.90000015 -0.90000015 0.90000015 0.90000015 0.90000015 0.90000015 0.90000015 -0.90000015 2.7000005 0.90000015 0.90000015 0.90000015 -0.90000015 0.90000015 -0.90000015 2.7000005 0.90000015 0.90000015 -0.90000015 -0.90000015 0.90000015 -0.90000015 2.7000005 0.90000015 0.90000015 0.90000015 -0.90000015 0.90000015 -0.90000015 2.7000005 0.90000015 -0.90000015 0.90000015 0.90000015 0.90000015 -0.90000015 2.7000005 0.90000015 -0.90000015 0.90000015 0.90000015 0.90000015 0.90000015 -0.90000015 0.90000015 0.90000015 -0.90000015 -0.90000015 -0.90000015 -0.90000015 -0.90000015 
-0.90000015 0.90000015 0.90000015 4.500001 4.500001 -2.7000005 4.500001 0.90000015 0.90000015 2.7000005 2.7000005 -0.90000015 -2.7000005 2.7000005 0.90000015 0.90000015 2.7000005 -0.90000015 0.90000015 0.90000015 -2.7000005 0.90000015 0.90000015 -0.9000003 2.7000005 2.7000005 -0.90000015 -0.9000003 0.90000015 -0.90000015 0.9000003 6.300001 4.500001 -2.7000008 0.9000003 0.90000015 0.90000015 0.90000015 0.9000003 2.7000005 0.90000015 -2.7000005 0.90000015 -0.90000015 2.7000005 0.90000015 -2.7000005 0.90000015 -2.7000005 0.90000015 -0.90000015 2.7000005 2.7000005 0.90000015 -4.500001 2.7000005 -0.90000015 0.90000015 -0.90000015 4.500001 4.500001 -0.90000015 6.300001 
-1.8000004 -1.8000004 -3.6000006 -1.8000003 0.0 1.8000003 1.8000004 0.0 -1.8000003 1.8000004 0.0 0.0 3.6000006 0.0 -1.8000003 0.0 1.8000004 -1.8000003 1.8000004 5.400001 -1.8000003 -1.8000003 0.0 -1.8000003 1.8000004 0.0 5.400001 0.0 -1.8000003 -1.8000004 -3.6000006 0.0 -1.8000003 3.6000006 1.8000004 -1.8000003 -1.8000003 1.8000004 0.0 1.8000004 3.6000006 0.0 -1.8000003 1.8000003 0.0 0.0 -1.8000003 3.6000006 -1.8000003 0.0 0.0 1.8000004 1.8000004 1.8000004 0.0 0.0 -1.8000004 -3.6000006 0.0 1.8000003 1.8000003 -3.6000006 0.0 
0.90000015 -0.90000015 -0.90000015 -4.500001 -2.7000005 0.90000015 0.9000003 0.90000015 0.9000003 0.90000015 -0.90000015 4.500001 0.90000015 -2.7000005 0.90000015 0.9000003 0.90000015 2.7000005 -0.90000015 0.90000015 -0.90000015 0.90000015 0.9000003 0.90000015 -0.90000015 -2.7000005 0.90000015 -0.90000015 0.90000015 0.90000015 -0.90000015 -0.90000015 -4.500001 -0.90000015 0.90000015 0.90000015 -0.90000015 2.7000005 2.7000005 0.90000015 -0.90000015 -0.90000015 0.90000015 -0.90000015 -0.90000015 0.90000015 0.90000015 -0.90000015 -0.90000015 0.90000015 -0.90000015 0.90000015 0.90000015 2.7000005 0.90000015 -2.7000005 0.90000015 -2.7000005 -0.90000015 -2.7000005 -2.7000005 -0.90000015 0.9000003 

-1.8000003 -1.8000003 -1.8000003 -0.90000015 -2.7000005 -1.8000004 -0.90000015 

1.0

0.90000015

0.001

A B C D E J K 