-1.0000001 0.0 1.0000001 0.0 -1.0000002 -2.0000002 0.0 0.0 0.0 1.0000001 2.0000002 0.0 0.0 0.0 0.0 0.0 1.0000001 1.0000002 1.0000001 0.0 0.0 0.0 0.0 1.0000002 1.0000001 2.0000002 0.0 0.0 0.0 -1.0000001 1.0000001 0.0 1.0000001 -1.0000002 1.0000001 0.0 1.0000001 1.0000002 2.0000002 2.0000002 1.0000001 0.0 0.0 0.0 1.0000001 0.0 1.0000001 1.0000001 0.0 0.0 0.0 1.0000001 1.0000001 0.0 1.0000001 0.0 0.0 1.0000001 0.0 -1.0000002 0.0 0.0 2.0000002 
1.0000001 1.0000001 0.0 -1.0000001 0.0 2.0000002 -1.0000002 1.0000001 0.0 1.0000001 0.0 1.0000001 -1.0000002 3.0000002 0.0 1.0000001 0.0 1.0000001 0.0 1.0000001 2.0000002 0.0 1.0000001 1.0000002 2.0000002 1.0000002 2.0000002 1.0000002 0.0 0.0 2.0000002 2.0000002 2.0000002 2.0000002 0.0 0.0 0.0 0.0 0.0 0.0 0.0 2.0000002 -1.0000001 1.0000001 1.0000001 1.0000001 1.0000001 1.0000001 1.0000002 0.0 0.0 1.0000001 1.0000001 1.0000001 -1.0000002 2.0000002 0.0 0.0 0.0 0.0 0.0 1.0000002 -1.0000001 
-2.0000002 -1.0000002 1.0000001 0.0 0.0 -1.0000001 1.0000001 -1.0000001 2.0000002 1.0000001 1.0000001 0.0 -1.1920929E-7 1.0000002 1.0000002 0.0 1.0000001 0.0 1.0000001 0.0 0.0 1.0000002 0.0 0.0 1.0000001 1.0000001 0.0 -1.0000002 1.0000002 -2.0000002 0.0 0.0 0.0 -1.0000002 0.0 1.0000002 0.0 0.0 1.0000001 1.0000001 0.0 -1.0000002 1.0000002 -1.0000002 1.0000001 0.0 1.0000001 0.0 0.0 -1.0000001 1.0000001 1.0000001 1.0000001 0.0 -1.1920929E-7 1.0000002 -2.0000002 -1.0000002 0.0 0.0 0.0 1.1920929E-7 1.0000001 
0.50000006 0.50000006 0.50000006 -0.50000006 -0.50000006 -1.5000002 -1.5000002 0.50000006 0.50000006 0.50000006 0.50000006 0.50000006 0.50000006 -0.50000006 0.50000006 0.50000006 0.50000006 0.50000006 0.50000006 -0.50000006 1.5000002 0.50000006 0.50000006 0.50000006 -0.50000006 0.50000006 -0.50000006 1.5000002 0.50000006 0.50000006 -0.50000006 -0.50000006 0.50000006 -0.50000006 1.5000002 0.50000006 0.50000006 0.50000006 -0.50000006 0.50000006 -0.50000006 1.5000002 0.50000006 -0.50000006 0.50000006 0.50000006 0.50000006 -0.50000006 1.5000002 0.50000006 -0.50000006 0.50000006 0.50000006 0.50000006 0.50000006 -0.50000006 0.50000006 0.50000006 -0.50000006 -0.50000006 -0.50000006 -0.50000006 -0.50000006 
-0.50000006 0.50000006 0.50000006 2.5000002 2.5000002 -1.5000002 2.5000002 0.50000006 0.50000006 1.5000002 1.5000002 -0.50000006 -1.5000002 1.5000002 0.50000006 0.50000006 1.5000002 -0.50000006 0.50000006 0.50000006 -1.5000002 0.50000006 0.50000006 -0.5000002 1.5000002 1.5000002 -0.50000006 -0.5000002 0.50000006 -0.50000006 0.5000002 3.5000002 2.5000002 -1.5000002 0.5000002 0.50000006 0.50000006 0.50000006 0.5000002 1.5000002 0.50000006 -1.5000002 0.50000006 -0.50000006 1.5000002 0.50000006 -1.5000002 0.50000006 -1.5000002 0.50000006 -0.50000006 1.5000002 1.5000002 0.50000006 -2.5000002 1.5000002 -0.50000006 0.50000006 -0.50000006 2.5000002 2.5000002 -0.50000006 3.5000005 
-1.0000002 -1.0000002 -2.0000002 -1.0000001 0.0 1.0000001 1.0000002 0.0 -1.0000001 1.0000002 0.0 0.0 2.0000002 0.0 -1.0000001 0.0 1.0000002 -1.0000001 1.0000002 3.0000002 -1.0000001 -1.0000001 0.0 -1.0000001 1.0000002 0.0 3.0000002 0.0 -1.0000001 -1.0000002 -2.0000002 0.0 -1.0000001 2.0000002 1.0000002 -1.0000001 -1.0000001 1.0000002 0.0 1.0000002 2.0000002 0.0 -1.0000001 1.0000001 0.0 0.0 -1.0000001 2.0000002 -1.0000001 0.0 0.0 1.0000002 1.0000002 1.0000002 0.0 0.0 -1.0000002 -2.0000002 0.0 1.0000001 1.0000001 -2.0000002 0.0 
0.50000006 -0.50000006 -0.50000006 -2.5000002 -1.5000002 0.50000006 0.5000002 0.50000006 0.5000002 0.50000006 -0.50000006 2.5000002 0.50000006 -1.5000002 0.50000006 0.5000002 0.50000006 1.5000002 -0.50000006 0.50000006 -0.50000006 0.50000006 0.5000002 0.50000006 -0.50000006 -1.5000002 0.50000006 -0.50000006 0.50000006 0.50000006 -0.50000006 -0.50000006 -2.5000002 -0.50000006 0.50000006 0.50000006 -0.50000006 1.5000002 1.5000002 0.50000006 -0.50000006 -0.50000006 0.50000006 -0.50000006 -0.50000006 0.50000006 0.50000006 -0.50000006 -0.50000006 0.50000006 -0.50000006 0.50000006 0.50000006 1.5000002 0.50000006 -1.5000002 0.50000006 -1.5000002 -0.50000006 -1.5000002 -1.5000002 -0.50000006 0.5000002 

-1.0000001 -1.0000001 -1.0000001 -0.50000006 -1.5000002 -1.0000002 -0.50000006 

0.5

0.50000006

0.001

A B C D E J K 