-1.4000002 0.0 1.4000002 0.0 -1.4000003 -2.8000004 0.0 0.0 0.0 1.4000002 2.8000004 0.0 0.0 0.0 0.0 0.0 1.4000002 1.4000003 1.4000002 0.0 0.0 0.0 0.0 1.4000003 1.4000002 2.8000004 0.0 0.0 0.0 -1.4000002 1.4000002 0.0 1.4000002 -1.4000003 1.4000002 0.0 1.4000002 1.4000003 2.8000004 2.8000004 1.4000002 0.0 0.0 0.0 1.4000002 0.0 1.4000002 1.4000002 0.0 0.0 0.0 1.4000002 1.4000002 0.0 1.4000002 0.0 0.0 1.4000002 0.0 -1.4000003 0.0 0.0 2.8000004 
1.4000002 1.4000002 0.0 -1.4000002 0.0 2.8000004 -1.4000003 1.4000002 0.0 1.4000002 0.0 1.4000002 -1.4000003 4.200001 0.0 1.4000002 0.0 1.4000002 0.0 1.4000002 2.8000004 0.0 1.4000002 1.4000003 2.8000004 1.4000003 2.8000004 1.4000003 0.0 0.0 2.8000004 2.8000004 2.8000004 2.8000004 0.0 0.0 0.0 0.0 0.0 0.0 0.0 2.8000004 -1.4000002 1.4000002 1.4000002 1.4000002 1.4000002 1.4000002 1.4000003 0.0 0.0 1.4000002 1.4000002 1.4000002 -1.4000003 2.8000004 0.0 0.0 0.0 0.0 0.0 1.4000003 -1.4000002 
-2.8000004 -1.4000003 1.4000002 0.0 0.0 -1.4000002 1.4000002 -1.4000002 2.8000004 1.4000002 1.4000002 0.0 -1.1920929E-7 1.4000003 1.4000003 0.0 1.4000002 0.0 1.4000002 0.0 0.0 1.4000003 0.0 0.0 1.4000002 1.4000002 0.0 -1.4000003 1.4000003 -2.8000004 0.0 0.0 0.0 -1.4000003 0.0 1.4000003 0.0 0.0 1.4000002 1.4000002 0.0 -1.4000003 1.4000003 -1.4000003 1.4000002 0.0 1.4000002 0.0 0.0 -1.4000002 1.4000002 1.4000002 1.4000002 0.0 -1.1920929E-7 1.4000003 -2.8000004 -1.4000003 0.0 0.0 0.0 1.1920929E-7 1.4000002 
0.7000001 0.7000001 0.7000001 -0.7000001 -0.7000001 -2.1000004 -2.1000004 0.7000001 0.7000001 0.7000001 0.7000001 0.7000001 0.7000001 -0.7000001 0.7000001 0.7000001 0.7000001 0.7000001 0.7000001 -0.7000001 2.1000004 0.7000001 0.7000001 0.7000001 -0.7000001 0.7000001 -0.7000001 2.1000004 0.7000001 0.7000001 -0.7000001 -0.7000001 0.7000001 -0.7000001 2.1000004 0.7000001 0.7000001 0.7000001 -0.7000001 0.7000001 -0.7000001 2.1000004 0.7000001 -0.7000001 0.7000001 0.7000001 0.7000001 -0.7000001 2.1000004 0.7000001 -0.7000001 0.7000001 0.7000001 0.7000001 0.7000001 -0.7000001 0.7000001 0.7000001 -0.7000001 -0.7000001 -0.7000001 -0.7000001 -0.7000001 
-0.7000001 0.7000001 0.7000001 3.5000005 3.5000005 -2.1000004 3.5000007 0.7000001 0.7000001 2.1000004 2.1000004 -0.7000001 -2.1000004 2.1000004 0.7000001 0.7000001 2.1000004 -0.7000001 0.7000001 0.7000001 -2.1000004 0.7000001 0.7000001 -0.7000002 2.1000004 2.1000004 -0.7000001 -0.7000002 0.7000001 -0.7000001 0.7000002 4.900001 3.5000005 -2.1000004 0.7000002 0.7000001 0.7000001 0.7000001 0.7000002 2.1000004 0.7000001 -2.1000004 0.7000001 -0.7000001 2.1000004 0.7000001 -2.1000004 0.7000001 -2.1000004 0.7000001 -0.7000001 2.1000004 2.1000004 0.7000001 -3.5000005 2.1000004 -0.7000001 0.7000001 -0.7000001 3.5000005 3.5000005 -0.7000001 4.900001 
-1.4000003 -1.4000003 -2.8000004 -1.4000002 0.0 1.4000002 1.4000003 0.0 -1.4000002 1.4000003 0.0 0.0 2.8000004 0.0 -1.4000002 0.0 1.4000003 -1.4000002 1.4000003 4.200001 -1.4000002 -1.4000002 0.0 -1.4000002 1.4000003 0.0 4.200001 0.0 -1.4000002 -1.4000003 -2.8000004 0.0 -1.4000002 2.8000004 1.4000003 -1.4000002 -1.4000002 1.4000003 0.0 1.4000003 2.8000004 0.0 -1.4000002 1.4000002 0.0 0.0 -1.4000002 2.8000004 -1.4000002 0.0 0.0 1.4000003 1.4000003 1.4000003 0.0 0.0 -1.4000003 -2.8000004 0.0 1.4000002 1.4000002 -2.8000004 0.0 
0.7000001 -0.7000001 -0.7000001 -3.5000005 -2.1000004 0.7000001 0.7000002 0.7000001 0.7000002 0.7000001 -0.7000001 3.5000005 0.7000001 -2.1000004 0.7000001 0.7000002 0.7000001 2.1000004 -0.7000001 0.7000001 -0.7000001 0.7000001 0.7000002 0.7000001 -0.7000001 -2.1000004 0.7000001 -0.7000001 0.7000001 0.7000001 -0.7000001 -0.7000001 -3.5000005 -0.7000001 0.7000001 0.7000001 -0.7000001 2.1000004 2.1000004 0.7000001 -0.7000001 -0.7000001 0.7000001 -0.7000001 -0.7000001 0.7000001 0.7000001 -0.7000001 -0.7000001 0.7000001 -0.7000001 0.7000001 0.7000001 2.1000004 0.7000001 -2.1000004 0.7000001 -2.1000004 -0.7000001 -2.1000004 -2.1000004 -0.7000001 0.7000002 

-1.4000002 -1.4000002 -1.4000002 -0.7000001 -2.1000004 -1.4000003 -0.7000001 

1.0

0.7000001

0.001

A B C D E J K 