-1.2000002 0.0 1.2000002 0.0 -1.2 -2.4000003 0.0 0.0 0.0 1.2000002 2.4000003 0.0 0.0 0.0 0.0 0.0 1.2000002 1.2 1.2000002 0.0 0.0 0.0 0.0 1.2 1.2000002 2.4000003 0.0 0.0 0.0 -1.2000002 1.2000002 0.0 1.2000002 -1.2 1.2000002 0.0 1.2000002 1.2 2.4000003 2.4000003 1.2000002 0.0 0.0 0.0 1.2000002 0.0 1.2000002 1.2000002 0.0 0.0 0.0 1.2000002 1.2000002 0.0 1.2000002 0.0 0.0 1.2000002 0.0 -1.2 0.0 0.0 2.4000003 
1.2000002 1.2000002 0.0 -1.2000002 0.0 2.4000003 -1.2 1.2000002 0.0 1.2000002 0.0 1.2000002 -1.2 3.6000006 0.0 1.2000002 0.0 1.2000002 0.0 1.2000002 2.4000003 0.0 1.2000002 1.2 2.4000003 1.2 2.4000003 1.2 0.0 0.0 2.4000003 2.4000003 2.4000003 2.4000003 0.0 0.0 0.0 0.0 0.0 0.0 0.0 2.4000003 -1.2000002 1.2000002 1.2000002 1.2000002 1.2000002 1.2000002 1.2 0.0 0.0 1.2000002 1.2000002 1.2000002 -1.2 2.4000003 0.0 0.0 0.0 0.0 0.0 1.2 -1.2000002 
-2.4000003 -1.2 1.2000002 0.0 0.0 -1.2000002 1.2000002 -1.2000002 2.4000003 1.2000002 1.2000002 0.0 1.1920929E-7 1.2 1.2 0.0 1.2000002 0.0 1.2000002 0.0 0.0 1.2 0.0 0.0 1.2000002 1.2000002 0.0 -1.2 1.2 -2.4000003 0.0 0.0 0.0 -1.2 0.0 1.2 0.0 0.0 1.2000002 1.2000002 0.0 -1.2 1.2 -1.2 1.2000002 0.0 1.2000002 0.0 0.0 -1.2000002 1.2000002 1.2000002 1.2000002 0.0 1.1920929E-7 1.2 -2.4000003 -1.2 0.0 0.0 0.0 -1.1920929E-7 1.2000002 
0.6000001 0.6000001 0.6000001 -0.6000001 -0.6000001 -1.8000002 -1.8000002 0.6000001 0.6000001 0.6000001 0.6000001 0.6000001 0.6000001 -0.6000001 0.6000001 0.6000001 0.6000001 0.6000001 0.6000001 -0.6000001 1.8000002 0.6000001 0.6000001 0.6000001 -0.6000001 0.6000001 -0.6000001 1.8000002 0.6000001 0.6000001 -0.6000001 -0.6000001 0.6000001 -0.6000001 1.8000002 0.6000001 0.6000001 0.6000001 -0.6000001 0.6000001 -0.6000001 1.8000002 0.6000001 -0.6000001 0.6000001 0.6000001 0.6000001 -0.6000001 1.8000002 0.6000001 -0.6000001 0.6000001 0.6000001 0.6000001 0.6000001 -0.6000001 0.6000001 0.6000001 -0.6000001 -0.6000001 -0.6000001 -0.6000001 -0.6000001 
-0.6000001 0.6000001 0.6000001 3.0000005 3.0000005 -1.8000002 3.0000005 0.6000001 0.6000001 1.8000002 1.8000002 -0.6000001 -1.8000002 1.8000002 0.6000001 0.6000001 1.8000002 -0.6000001 0.6000001 0.6000001 -1.8000002 0.6000001 0.6000001 -0.59999996 1.8000002 1.8000002 -0.6000001 -0.59999996 0.6000001 -0.6000001 0.59999996 4.200001 3.0000005 -1.8000002 0.59999996 0.6000001 0.6000001 0.6000001 0.59999996 1.8000002 0.6000001 -1.8000002 0.6000001 -0.6000001 1.8000002 0.6000001 -1.8000002 0.6000001 -1.8000002 0.6000001 -0.6000001 1.8000002 1.8000002 0.6000001 -3.0000005 1.8000002 -0.6000001 0.6000001 -0.6000001 3.0000005 3.0000005 -0.6000001 4.200001 
-1.2 -1.2 -2.4000003 -1.2000002 0.0 1.2000002 1.2 0.0 -1.2000002 1.2 0.0 0.0 2.4000003 0.0 -1.2000002 0.0 1.2 -1.2000002 1.2 3.6000006 -1.2000002 -1.2000002 0.0 -1.2000002 1.2 0.0 3.6000006 0.0 -1.2000002 -1.2 -2.4000003 0.0 -1.2000002 2.4000003 1.2 -1.2000002 -1.2000002 1.2 0.0 1.2 2.4000003 0.0 -1.2000002 1.2000002 0.0 0.0 -1.2000002 2.4000003 -1.2000002 0.0 0.0 1.2 1.2 1.2 0.0 0.0 -1.2 -2.4000003 0.0 1.2000002 1.2000002 -2.4000003 0.0 
0.6000001 -0.6000001 -0.6000001 -3.0000005 -1.8000002 0.6000001 0.59999996 0.6000001 0.59999996 0.6000001 -0.6000001 3.0000005 0.6000001 -1.8000002 0.6000001 0.59999996 0.6000001 1.8000002 -0.6000001 0.6000001 -0.6000001 0.6000001 0.59999996 0.6000001 -0.6000001 -1.8000002 0.6000001 -0.6000001 0.6000001 0.6000001 -0.6000001 -0.6000001 -3.0000005 -0.6000001 0.6000001 0.6000001 -0.6000001 1.8000002 1.8000002 0.6000001 -0.6000001 -0.6000001 0.6000001 -0.6000001 -0.6000001 0.6000001 0.6000001 -0.6000001 -0.6000001 0.6000001 -0.6000001 0.6000001 0.6000001 1.8000002 0.6000001 -1.8000002 0.6000001 -1.8000002 -0.6000001 -1.8000002 -1.8000002 -0.6000001 0.59999996 

-1.2000002 -1.2000002 -1.2000002 -0.6000001 -1.8000002 -1.2 -0.6000001 

1.0

0.6000001

0.001

A B C D E J K 