-0.8000001 0.0 0.8000001 0.0 -0.8 -1.6000001 0.0 0.0 0.0 0.8000001 1.6000001 0.0 0.0 0.0 0.0 0.0 0.8000001 0.8 0.8000001 0.0 0.0 0.0 0.0 0.8 0.8000001 1.6000001 0.0 0.0 0.0 -0.8000001 0.8000001 0.0 0.8000001 -0.8 0.8000001 0.0 0.8000001 0.8 1.6000001 1.6000001 0.8000001 0.0 0.0 0.0 0.8000001 0.0 0.8000001 0.8000001 0.0 0.0 0.0 0.8000001 0.8000001 0.0 0.8000001 0.0 0.0 0.8000001 0.0 -0.8 0.0 0.0 1.6000001 
0.8000001 0.8000001 0.0 -0.8000001 0.0 1.6000001 -0.8 0.8000001 0.0 0.8000001 0.0 0.8000001 -0.8 2.4000003 0.0 0.8000001 0.0 0.8000001 0.0 0.8000001 1.6000001 0.0 0.8000001 0.8 1.6000001 0.8 1.6000001 0.8 0.0 0.0 1.6000001 1.6000001 1.6000001 1.6000001 0.0 0.0 0.0 0.0 0.0 0.0 0.0 1.6000001 -0.8000001 0.8000001 0.8000001 0.8000001 0.8000001 0.8000001 0.8 0.0 0.0 0.8000001 0.8000001 0.8000001 -0.8 1.6000001 0.0 0.0 0.0 0.0 0.0 0.8 -0.8000001 
-1.6000001 -0.8 0.8000001 0.0 0.0 -0.8000001 0.8000001 -0.8000001 1.6000001 0.8000001 0.8000001 0.0 5.9604645E-8 0.8 0.8 0.0 0.8000001 0.0 0.8000001 0.0 0.0 0.8 0.0 0.0 0.8000001 0.8000001 0.0 -0.8 0.8 -1.6000001 0.0 0.0 0.0 -0.8 0.0 0.8 0.0 0.0 0.8000001 0.8000001 0.0 -0.8 0.8 -0.8 0.8000001 0.0 0.8000001 0.0 0.0 -0.8000001 0.8000001 0.8000001 0.8000001 0.0 5.9604645E-8 0.8 -1.6000001 -0.8 0.0 0.0 0.0 -5.9604645E-8 0.8000001 
0.40000004 0.40000004 0.40000004 -0.40000004 -0.40000004 -1.2 -1.2 0.40000004 0.40000004 0.40000004 0.40000004 0.40000004 0.40000004 -0.40000004 0.40000004 0.40000004 0.40000004 0.40000004 0.40000004 -0.40000004 1.2 0.40000004 0.40000004 0.40000004 -0.40000004 0.40000004 -0.40000004 1.2 0.40000004 0.40000004 -0.40000004 -0.40000004 0.40000004 -0.40000004 1.2 0.40000004 0.40000004 0.40000004 -0.40000004 0.40000004 -0.40000004 1.2 0.40000004 -0.40000004 0.40000004 0.40000004 0.40000004 -0.40000004 1.2 0.40000004 -0.40000004 0.40000004 0.40000004 0.40000004 0.40000004 -0.40000004 0.40000004 0.40000004 -0.40000004 -0.40000004 -0.40000004 -0.40000004 -0.40000004 
-0.40000004 0.40000004 0.40000004 2.0000002 2.0000002 -1.2 2.0000002 0.40000004 0.40000004 1.2 1.2 -0.40000004 -1.2 1.2 0.40000004 0.40000004 1.2 -0.40000004 0.40000004 0.40000004 -1.2 0.40000004 0.40000004 -0.39999998 1.2 1.2 -0.40000004 -0.39999998 0.40000004 -0.40000004 0.39999998 2.8000004 2.0000002 -1.2 0.39999998 0.40000004 0.40000004 0.40000004 0.39999998 1.2 0.40000004 -1.2 0.40000004 -0.40000004 1.2 0.40000004 -1.2 0.40000004 -1.2 0.40000004 -0.40000004 1.2 1.2 0.40000004 -2.0000002 1.2 -0.40000004 0.40000004 -0.40000004 2.0000002 2.0000002 -0.40000004 2.8000004 
-0.8 -0.8 -1.6000001 -0.8000001 0.0 0.8000001 0.8 0.0 -0.8000001 0.8 0.0 0.0 1.6000001 0.0 -0.8000001 0.0 0.8 -0.8000001 0.8 2.4000003 -0.8000001 -0.8000001 0.0 -0.8000001 0.8 0.0 2.4000003 0.0 -0.8000001 -0.8 -1.6000001 0.0 -0.8000001 1.6000001 0.8 -0.8000001 -0.8000001 0.8 0.0 0.8 1.6000001 0.0 -0.8000001 0.8000001 0.0 0.0 -0.8000001 1.6000001 -0.8000001 0.0 0.0 0.8 0.8 0.8 0.0 0.0 -0.8 -1.6000001 0.0 0.8000001 0.8000001 -1.6000001 0.0 
0.40000004 -0.40000004 -0.40000004 -2.0000002 -1.2 0.40000004 0.39999998 0.40000004 0.39999998 0.40000004 -0.40000004 2.0000002 0.40000004 -1.2 0.40000004 0.39999998 0.40000004 1.2 -0.40000004 0.40000004 -0.40000004 0.40000004 0.39999998 0.40000004 -0.40000004 -1.2 0.40000004 -0.40000004 0.40000004 0.40000004 -0.40000004 -0.40000004 -2.0000002 -0.40000004 0.40000004 0.40000004 -0.40000004 1.2 1.2 0.40000004 -0.40000004 -0.40000004 0.40000004 -0.40000004 -0.40000004 0.40000004 0.40000004 -0.40000004 -0.40000004 0.40000004 -0.40000004 0.40000004 0.40000004 1.2 0.40000004 -1.2 0.40000004 -1.2 -0.40000004 -1.2 -1.2 -0.40000004 0.39999998 

-0.8000001 -0.8000001 -0.8000001 -0.40000004 -1.2 -0.8 -0.40000004 

0.5

0.40000004

0.001

A B C D E J K 