-1.3000002 0.0 1.3000002 0.0 -1.3000002 -2.6000004 0.0 0.0 0.0 1.3000002 2.6000004 0.0 0.0 0.0 0.0 0.0 1.3000002 1.3000002 1.3000002 0.0 0.0 0.0 0.0 1.3000002 1.3000002 2.6000004 0.0 0.0 0.0 -1.3000002 1.3000002 0.0 1.3000002 -1.3000002 1.3000002 0.0 1.3000002 1.3000002 2.6000004 2.6000004 1.3000002 0.0 0.0 0.0 1.3000002 0.0 1.3000002 1.3000002 0.0 0.0 0.0 1.3000002 1.3000002 0.0 1.3000002 0.0 0.0 1.3000002 0.0 -1.3000002 0.0 0.0 2.6000004 
1.3000002 1.3000002 0.0 -1.3000002 0.0 2.6000004 -1.3000002 1.3000002 0.0 1.3000002 0.0 1.3000002 -1.3000002 3.9000006 0.0 1.3000002 0.0 1.3000002 0.0 1.3000002 2.6000004 0.0 1.3000002 1.3000002 2.6000004 1.3000002 2.6000004 1.3000002 0.0 0.0 2.6000004 2.6000004 2.6000004 2.6000004 0.0 0.0 0.0 0.0 0.0 0.0 0.0 2.6000004 -1.3000002 1.3000002 1.3000002 1.3000002 1.3000002 1.3000002 1.3000002 0.0 0.0 1.3000002 1.3000002 1.3000002 -1.3000002 2.6000004 0.0 0.0 0.0 0.0 0.0 1.3000002 -1.3000002 
-2.6000004 -1.3000002 1.3000002 0.0 0.0 -1.3000002 1.3000002 -1.3000002 2.6000004 1.3000002 1.3000002 0.0 0.0 1.3000002 1.3000002 0.0 1.3000002 0.0 1.3000002 0.0 0.0 1.3000002 0.0 0.0 1.3000002 1.3000002 0.0 -1.3000002 1.3000002 -2.6000004 0.0 0.0 0.0 -1.3000002 0.0 1.3000002 0.0 0.0 1.3000002 1.3000002 0.0 -1.3000002 1.3000002 -1.3000002 1.3000002 0.0 1.3000002 0.0 0.0 -1.3000002 1.3000002 1.3000002 1.3000002 0.0 0.0 1.3000002 -2.6000004 -1.3000002 0.0 0.0 0.0 0.0 1.3000002 
0.6500001 0.6500001 0.6500001 -0.6500001 -0.6500001 -1.9500003 -1.9500003 0.6500001 0.6500001 0.6500001 0.6500001 0.6500001 0.6500001 -0.6500001 0.6500001 0.6500001 0.6500001 0.6500001 0.6500001 -0.6500001 1.9500003 0.6500001 0.6500001 0.6500001 -0.6500001 0.6500001 -0.6500001 1.9500003 0.6500001 0.6500001 -0.6500001 -0.6500001 0.6500001 -0.6500001 1.9500003 0.6500001 0.6500001 0.6500001 -0.6500001 0.6500001 -0.6500001 1.9500003 0.6500001 -0.6500001 0.6500001 0.6500001 0.6500001 -0.6500001 1.9500003 0.6500001 -0.6500001 0.6500001 0.6500001 0.6500001 0.6500001 -0.6500001 0.6500001 0.6500001 -0.6500001 -0.6500001 -0.6500001 -0.6500001 -0.6500001 
-0.6500001 0.6500001 0.6500001 3.2500005 3.2500005 -1.9500003 3.2500005 0.6500001 0.6500001 1.9500003 1.9500003 -0.6500001 -1.9500003 1.9500003 0.6500001 0.6500001 1.9500003 -0.6500001 0.6500001 0.6500001 -1.9500003 0.6500001 0.6500001 -0.6500001 1.9500003 1.9500003 -0.6500001 -0.6500001 0.6500001 -0.6500001 0.6500001 4.5500007 3.2500005 -1.9500003 0.6500001 0.6500001 0.6500001 0.6500001 0.6500001 1.9500003 0.6500001 -1.9500003 0.6500001 -0.6500001 1.9500003 0.6500001 -1.9500003 0.6500001 -1.9500003 0.6500001 -0.6500001 1.9500003 1.9500003 0.6500001 -3.2500005 1.9500003 -0.6500001 0.6500001 -0.6500001 3.2500005 3.2500005 -0.6500001 4.5500007 
-1.3000002 -1.3000002 -2.6000004 -1.3000002 0.0 1.3000002 1.3000002 0.0 -1.3000002 1.3000002 0.0 0.0 2.6000004 0.0 -1.3000002 0.0 1.3000002 -1.3000002 1.3000002 3.9000006 -1.3000002 -1.3000002 0.0 -1.3000002 1.3000002 0.0 3.9000006 0.0 -1.3000002 -1.3000002 -2.6000004 0.0 -1.3000002 2.6000004 1.3000002 -1.3000002 -1.3000002 1.3000002 0.0 1.3000002 2.6000004 0.0 -1.3000002 1.3000002 0.0 0.0 -1.3000002 2.6000004 -1.3000002 0.0 0.0 1.3000002 1.3000002 1.3000002 0.0 0.0 -1.3000002 -2.6000004 0.0 1.3000002 1.3000002 -2.6000004 0.0 
0.6500001 -0.6500001 -0.6500001 -3.2500005 -1.9500003 0.6500001 0.6500001 0.6500001 0.6500001 0.6500001 -0.6500001 3.2500005 0.6500001 -1.9500003 0.6500001 0.6500001 0.6500001 1.9500003 -0.6500001 0.6500001 -0.6500001 0.6500001 0.6500001 0.6500001 -0.6500001 -1.9500003 0.6500001 -0.6500001 0.6500001 0.6500001 -0.6500001 -0.6500001 -3.2500005 -0.6500001 0.6500001 0.6500001 -0.6500001 1.9500003 1.9500003 0.6500001 -0.6500001 -0.6500001 0.6500001 -0.6500001 -0.6500001 0.6500001 0.6500001 -0.6500001 -0.6500001 0.6500001 -0.6500001 0.6500001 0.6500001 1.9500003 0.6500001 -1.9500003 0.6500001 -1.9500003 -0.6500001 -1.9500003 -1.9500003 -0.6500001 0.6500001 

-1.3000002 -1.3000002 -1.3000002 -0.6500001 -1.9500003 -1.3000002 -0.6500001 

0.5

0.6500001

0.001

A B C D E J K 