-1.1000001 0.0 1.1000001 0.0 -1.1000001 -2.2000003 0.0 0.0 0.0 1.1000001 2.2000003 0.0 0.0 0.0 0.0 0.0 1.1000001 1.1000001 1.1000001 0.0 0.0 0.0 0.0 1.1000001 1.1000001 2.2000003 0.0 0.0 0.0 -1.1000001 1.1000001 0.0 1.1000001 -1.1000001 1.1000001 0.0 1.1000001 1.1000001 2.2000003 2.2000003 1.1000001 0.0 0.0 0.0 1.1000001 0.0 1.1000001 1.1000001 0.0 0.0 0.0 1.1000001 1.1000001 0.0 1.1000001 0.0 0.0 1.1000001 0.0 -1.1000001 0.0 0.0 2.2000003 
1.1000001 1.1000001 0.0 -1.1000001 0.0 2.2000003 -1.1000001 1.1000001 0.0 1.1000001 0.0 1.1000001 -1.1000001 3.3000007 0.0 1.1000001 0.0 1.1000001 0.0 1.1000001 2.2000003 0.0 1.1000001 1.1000001 2.2000003 1.1000001 2.2000003 1.1000001 0.0 0.0 2.2000003 2.2000003 2.2000003 2.2000003 0.0 0.0 0.0 0.0 0.0 0.0 0.0 2.2000003 -1.1000001 1.1000001 1.1000001 1.1000001 1.1000001 1.1000001 1.1000001 0.0 0.0 1.1000001 1.1000001 1.1000001 -1.1000001 2.2000003 0.0 0.0 0.0 0.0 0.0 1.1000001 -1.1000001 
-2.2000003 -1.1000001 1.1000001 0.0 0.0 -1.1000001 1.1000001 -1.1000001 2.2000003 1.1000001 1.1000001 0.0 0.0 1.1000001 1.1000001 0.0 1.1000001 0.0 1.1000001 0.0 0.0 1.1000001 0.0 0.0 1.1000001 1.1000001 0.0 -1.1000001 1.1000001 -2.2000003 0.0 0.0 0.0 -1.1000001 0.0 1.1000001 0.0 0.0 1.1000001 1.1000001 0.0 -1.1000001 1.1000001 -1.1000001 1.1000001 0.0 1.1000001 0.0 0.0 -1.1000001 1.1000001 1.1000001 1.1000001 0.0 0.0 1.1000001 -2.2000003 -1.1000001 0.0 0.0 0.0 0.0 1.1000001 
0.5500001 0.5500001 0.5500001 -0.5500001 -0.5500001 -1.6500002 -1.6500002 0.5500001 0.5500001 0.5500001 0.5500001 0.5500001 0.5500001 -0.5500001 0.5500001 0.5500001 0.5500001 0.5500001 0.5500001 -0.5500001 1.6500002 0.5500001 0.5500001 0.5500001 -0.5500001 0.5500001 -0.5500001 1.6500002 0.5500001 0.5500001 -0.5500001 -0.5500001 0.5500001 -0.5500001 1.6500002 0.5500001 0.5500001 0.5500001 -0.5500001 0.5500001 -0.5500001 1.6500002 0.5500001 -0.5500001 0.5500001 0.5500001 0.5500001 -0.5500001 1.6500002 0.5500001 -0.5500001 0.5500001 0.5500001 0.5500001 0.5500001 -0.5500001 0.5500001 0.5500001 -0.5500001 -0.5500001 -0.5500001 -0.5500001 -0.5500001 
-0.5500001 0.5500001 0.5500001 2.7500005 2.7500005 -1.6500002 2.7500005 0.5500001 0.5500001 1.6500002 1.6500002 -0.5500001 -1.6500002 1.6500002 0.5500001 0.5500001 1.6500002 -0.5500001 0.5500001 0.5500001 -1.6500002 0.5500001 0.5500001 -0.5500001 1.6500002 1.6500002 -0.5500001 -0.5500001 0.5500001 -0.5500001 0.5500001 3.8500009 2.7500005 -1.6500002 0.5500001 0.5500001 0.5500001 0.5500001 0.5500001 1.6500002 0.5500001 -1.6500002 0.5500001 -0.5500001 1.6500002 0.5500001 -1.6500002 0.5500001 -1.6500002 0.5500001 -0.5500001 1.6500002 1.6500002 0.5500001 -2.7500005 1.6500002 -0.5500001 0.5500001 -0.5500001 2.7500005 2.7500005 -0.5500001 3.8500009 
-1.1000001 -1.1000001 -2.2000003 -1.1000001 0.0 1.1000001 1.1000001 0.0 -1.1000001 1.1000001 0.0 0.0 2.2000003 0.0 -1.1000001 0.0 1.1000001 -1.1000001 1.1000001 3.3000007 -1.1000001 -1.1000001 0.0 -1.1000001 1.1000001 0.0 3.3000007 0.0 -1.1000001 -1.1000001 -2.2000003 0.0 -1.1000001 2.2000003 1.1000001 -1.1000001 -1.1000001 1.1000001 0.0 1.1000001 2.2000003 0.0 -1.1000001 1.1000001 0.0 0.0 -1.1000001 2.2000003 -1.1000001 0.0 0.0 1.1000001 1.1000001 1.1000001 0.0 0.0 -1.1000001 -2.2000003 0.0 1.1000001 1.1000001 -2.2000003 0.0 
0.5500001 -0.5500001 -0.5500001 -2.7500005 -1.6500002 0.5500001 0.5500001 0.5500001 0.5500001 0.5500001 -0.5500001 2.7500005 0.5500001 -1.6500002 0.5500001 0.5500001 0.5500001 1.6500002 -0.5500001 0.5500001 -0.5500001 0.5500001 0.5500001 0.5500001 -0.5500001 -1.6500002 0.5500001 -0.5500001 0.5500001 0.5500001 -0.5500001 -0.5500001 -2.7500005 -0.5500001 0.5500001 0.5500001 -0.5500001 1.6500002 1.6500002 0.5500001 -0.5500001 -0.5500001 0.5500001 -0.5500001 -0.5500001 0.5500001 0.5500001 -0.5500001 -0.5500001 0.5500001 -0.5500001 0.5500001 0.5500001 1.6500002 0.5500001 -1.6500002 0.5500001 -1.6500002 -0.5500001 -1.6500002 -1.6500002 -0.5500001 0.5500001 

-1.1000001 -1.1000001 -1.1000001 -0.5500001 -1.6500002 -1.1000001 -0.5500001 

1.0

0.5500001

0.001

A B C D E J K 