-1.7000003 0.0 1.7000003 0.0 -1.7000003 -3.4000006 0.0 0.0 0.0 1.7000003 3.4000006 0.0 0.0 0.0 0.0 0.0 1.7000003 1.7000003 1.7000003 0.0 0.0 0.0 0.0 1.7000003 1.7000003 3.4000006 0.0 0.0 0.0 -1.7000003 1.7000003 0.0 1.7000003 -1.7000003 1.7000003 0.0 1.7000003 1.7000003 3.4000006 3.4000006 1.7000003 0.0 0.0 0.0 1.7000003 0.0 1.7000003 1.7000003 0.0 0.0 0.0 1.7000003 1.7000003 0.0 1.7000003 0.0 0.0 1.7000003 0.0 -1.7000003 0.0 0.0 3.4000006 
1.7000003 1.7000003 0.0 -1.7000003 0.0 3.4000006 -1.7000003 1.7000003 0.0 1.7000003 0.0 1.7000003 -1.7000003 5.1000013 0.0 1.7000003 0.0 1.7000003 0.0 1.7000003 3.4000006 0.0 1.7000003 1.7000003 3.4000006 1.7000003 3.4000006 1.7000003 0.0 0.0 3.4000006 3.4000006 3.4000006 3.4000008 0.0 0.0 0.0 0.0 0.0 0.0 0.0 3.4000006 -1.7000003 1.7000003 1.7000003 1.7000003 1.7000003 1.7000003 1.7000003 0.0 0.0 1.7000003 1.7000003 1.7000003 -1.7000003 3.4000008 0.0 0.0 0.0 0.0 0.0 1.7000003 -1.7000003 
-3.4000006 -1.7000003 1.7000003 0.0 0.0 -1.7000003 1.7000003 -1.7000003 3.4000006 1.7000003 1.7000003 0.0 0.0 1.7000003 1.7000003 0.0 1.7000003 0.0 1.7000003 0.0 0.0 1.7000003 0.0 0.0 1.7000003 1.7000003 0.0 -1.7000003 1.7000003 -3.4000006 0.0 0.0 0.0 -1.7000003 0.0 1.7000003 0.0 0.0 1.7000003 1.7000003 0.0 -1.7000003 1.7000003 -1.7000003 1.7000003 0.0 1.7000003 0.0 0.0 -1.7000003 1.7000003 1.7000003 1.7000003 0.0 0.0 1.7000003 -3.4000006 -1.7000003 0.0 0.0 0.0 0.0 1.7000003 
0.85000014 0.85000014 0.85000014 -0.85000014 -0.85000014 -2.5500004 -2.5500004 0.85000014 0.85000014 0.85000014 0.85000014 0.85000014 0.85000014 -0.85000014 0.85000014 0.85000014 0.85000014 0.85000014 0.85000014 -0.85000014 2.5500004 0.85000014 0.85000014 0.85000014 -0.85000014 0.85000014 -0.85000014 2.5500004 0.85000014 0.85000014 -0.85000014 -0.85000014 0.85000014 -0.85000014 2.5500004 0.85000014 0.85000014 0.85000014 -0.85000014 0.85000014 -0.85000014 2.5500004 0.85000014 -0.85000014 0.85000014 0.85000014 0.85000014 -0.85000014 2.5500004 0.85000014 -0.85000014 0.85000014 0.85000014 0.85000014 0.85000014 -0.85000014 0.85000014 0.85000014 -0.85000014 -0.85000014 -0.85000014 -0.85000014 -0.85000014 
-0.85000014 0.85000014 0.85000014 4.250001 4.250001 -2.5500004 4.250001 0.85000014 0.85000014 2.5500004 2.5500004 -0.85000014 -2.5500004 2.5500004 0.85000014 0.85000014 2.5500004 -0.85000014 0.85000014 0.85000014 -2.5500004 0.85000014 0.85000014 -0.85000014 2.5500004 2.5500004 -0.85000014 -0.85000014 0.85000014 -0.85000014 0.85000014 5.9500017 4.250001 -2.5500007 0.85000014 0.85000014 0.85000014 0.85000014 0.85000014 2.5500004 0.85000014 -2.5500004 0.85000014 -0.85000014 2.5500004 0.85000014 -2.5500004 0.85000014 -2.5500004 0.85000014 -0.85000014 2.5500004 2.5500004 0.85000014 -4.250001 2.5500004 -0.85000014 0.85000014 -0.85000014 4.250001 4.250001 -0.85000014 5.9500017 
-1.7000003 -1.7000003 -3.4000006 -1.7000003 0.0 1.7000003 1.7000003 0.0 -1.7000003 1.7000003 0.0 0.0 3.4000006 0.0 -1.7000003 0.0 1.7000003 -1.7000003 1.7000003 5.1000013 -1.7000003 -1.7000003 0.0 -1.7000003 1.7000003 0.0 5.1000013 0.0 -1.7000003 -1.7000003 -3.4000006 0.0 -1.7000003 3.4000006 1.7000003 -1.7000003 -1.7000003 1.7000003 0.0 1.7000003 3.4000006 0.0 -1.7000003 1.7000003 0.0 0.0 -1.7000003 3.4000006 -1.7000003 0.0 0.0 1.7000003 1.7000003 1.7000003 0.0 0.0 -1.7000003 -3.4000006 0.0 1.7000003 1.7000003 -3.4000006 0.0 
0.85000014 -0.85000014 -0.85000014 -4.250001 -2.5500004 0.85000014 0.85000014 0.85000014 0.85000014 0.85000014 -0.85000014 4.250001 0.85000014 -2.5500004 0.85000014 0.85000014 0.85000014 2.5500004 -0.85000014 0.85000014 -0.85000014 0.85000014 0.85000014 0.85000014 -0.85000014 -2.5500004 0.85000014 -0.85000014 0.85000014 0.85000014 -0.85000014 -0.85000014 -4.250001 -0.85000014 0.85000014 0.85000014 -0.85000014 2.5500004 2.5500004 0.85000014 -0.85000014 -0.85000014 0.85000014 -0.85000014 -0.85000014 0.85000014 0.85000014 -0.85000014 -0.85000014 0.85000014 -0.85000014 0.85000014 0.85000014 2.5500004 0.85000014 -2.5500004 0.85000014 -2.5500004 -0.85000014 -2.5500004 -2.5500004 -0.85000014 0.85000014 

-1.7000003 -1.7000003 -1.7000003 -0.85000014 -2.5500004 -1.7000003 -0.85000014 

0.5

0.85000014

0.001

A B C D E J K 