-0.9000001 0.0 0.0 0.9000001 0.0 -1.8000002 0.9000001 0.0 0.0 0.9000001 1.8000002 0.0 0.0 0.0 0.0 0.0 0.9000001 0.9000001 0.9000001 0.0 0.0 0.0 0.0 0.9000001 0.9000001 1.8000002 0.0 0.0 0.0 -0.9000001 0.9000001 0.0 0.9000001 -0.9000001 0.9000001 0.0 0.9000001 0.0 0.9000001 0.9000001 0.9000001 0.0 0.0 0.0 1.8000002 0.9000001 1.8000002 0.9000001 0.0 0.0 0.0 0.9000001 0.9000001 0.0 0.9000001 0.0 -0.9000001 0.9000001 -0.9000001 -0.9000001 -0.9000001 0.0 0.9000001 
0.9000001 0.9000001 -0.9000001 -0.9000001 0.0 1.8000002 -0.9000001 0.9000001 0.0 0.9000001 0.0 0.9000001 -0.9000001 1.8000002 0.0 0.9000001 0.9000001 0.0 0.0 0.9000001 1.8000002 0.0 0.9000001 0.9000001 1.8000002 0.9000001 2.7000003 0.0 0.0 0.9000001 0.9000001 1.8000002 0.0 1.8000002 0.9000001 0.0 0.0 0.0 0.0 0.0 0.0 1.8000002 0.0 0.0 0.9000001 0.9000001 0.9000001 0.0 1.8000002 0.9000001 -0.9000001 0.9000001 0.9000001 0.9000001 -1.8000002 1.8000002 0.0 0.0 -0.9000001 0.0 -0.9000001 0.9000001 -0.9000001 
-1.3500001 -0.45000005 0.45000005 0.45000005 1.3500001 -0.45000005 2.2500002 -0.45000005 2.2500002 1.3500001 0.45000005 0.45000005 0.45000005 1.3500001 1.3500001 0.45000005 1.3500001 -0.45000005 1.3500001 0.45000005 0.45000005 1.3500001 0.45000005 -0.45000005 1.3500001 0.45000005 0.45000005 -0.45000005 1.3500001 -1.3500001 -0.45000005 0.45000005 -0.45000005 -0.45000005 0.45000005 1.3500001 -0.45000005 -0.45000005 0.45000005 0.45000005 -0.45000005 -0.45000005 1.3500001 -1.3500001 1.3500001 0.45000005 1.3500001 -0.45000005 0.45000005 -0.45000005 0.45000005 1.3500001 1.3500001 0.45000005 -0.45000005 1.3500001 -2.2500002 -1.3500001 -0.45000005 0.45000005 -0.45000005 -0.45000005 0.45000005 
1.3500001 1.3500001 -0.45000005 -0.45000005 0.45000005 -2.2500002 -0.45000005 1.3500001 0.45000005 1.3500001 0.45000005 1.3500001 2.2500002 -2.2500002 0.45000005 1.3500001 1.3500001 0.45000005 1.3500001 0.45000005 1.3500001 0.45000005 1.3500001 -0.45000005 -0.45000005 -0.45000005 -0.45000005 3.1500003 0.45000005 0.45000005 -1.3500001 -0.45000005 -0.45000005 -0.45000005 3.1500003 0.45000005 0.45000005 0.45000005 -0.45000005 0.45000005 -0.45000005 2.2500002 0.45000005 -0.45000005 1.3500001 1.3500001 1.3500001 -0.45000005 1.3500001 1.3500001 -1.3500001 1.3500001 1.3500001 1.3500001 1.3500001 -1.3500001 0.45000005 0.45000005 -1.3500001 -0.45000005 -1.3500001 -2.2500002 -0.45000005 
0.45000005 0.45000005 -0.45000005 1.3500001 1.3500001 -0.45000005 3.1500003 0.45000005 1.3500001 1.3500001 0.45000005 0.45000005 -0.45000005 0.45000005 0.45000005 1.3500001 1.3500001 -0.45000005 1.3500001 0.45000005 -2.2500002 0.45000005 1.3500001 -0.45000005 2.2500002 0.45000005 -0.45000005 -1.3500001 0.45000005 0.45000005 -0.45000005 2.2500002 0.45000005 -2.2500002 0.45000005 0.45000005 0.45000005 0.45000005 0.45000005 0.45000005 -0.45000005 -2.2500002 0.45000005 0.45000005 1.3500001 1.3500001 -0.45000005 -0.45000005 -2.2500002 0.45000005 -0.45000005 1.3500001 1.3500001 1.3500001 -2.2500002 0.45000005 -0.45000005 -0.45000005 -1.3500001 1.3500001 0.45000005 -0.45000005 3.1500003 
0.0 0.0 -1.8000002 -0.9000001 0.0 0.9000001 0.9000001 0.0 0.0 0.9000001 0.0 0.9000001 0.9000001 -0.9000001 -0.9000001 0.9000001 0.9000001 0.0 0.9000001 1.8000002 -0.9000001 -0.9000001 0.9000001 0.0 0.9000001 0.0 1.8000002 0.0 -0.9000001 0.0 -0.9000001 0.0 -0.9000001 0.9000001 0.9000001 -0.9000001 0.0 0.0 0.0 0.0 0.9000001 0.0 -0.9000001 0.9000001 0.9000001 0.9000001 0.9000001 0.9000001 -0.9000001 0.0 0.0 0.9000001 0.9000001 0.9000001 0.0 0.0 -0.9000001 -0.9000001 -0.9000001 0.0 -0.9000001 -0.9000001 0.0 
0.9000001 0.0 -0.9000001 -1.8000002 -0.9000001 0.9000001 0.9000001 0.0 0.9000001 0.0 -0.9000001 1.8000002 0.0 -0.9000001 0.0 0.9000001 0.0 0.9000001 0.0 0.0 -0.9000001 0.0 0.9000001 0.9000001 0.0 -0.9000001 0.0 -0.9000001 0.0 0.9000001 -0.9000001 -0.9000001 -1.8000002 -0.9000001 0.0 0.0 0.0 0.0 0.0 -0.9000001 -0.9000001 -0.9000001 0.0 0.0 0.0 0.9000001 0.9000001 -0.9000001 -0.9000001 0.0 0.0 0.0 0.0 0.9000001 0.0 -0.9000001 0.0 -0.9000001 -0.9000001 -0.9000001 -1.8000002 0.0 0.0 

-0.9000001 -0.9000001 -1.3500001 -1.3500001 -1.3500001 -0.9000001 0.0 

0.0

0.45000005

0.001

A B C D E J K 