-1.6000003 0.0 0.0 1.6000003 0.0 -3.2000005 1.6000003 0.0 0.0 1.6000003 3.2000005 0.0 0.0 0.0 0.0 0.0 1.6000003 1.6000001 1.6000003 0.0 0.0 0.0 0.0 1.6000001 1.6000003 3.2000005 0.0 0.0 0.0 -1.6000003 1.6000003 0.0 1.6000003 -1.6000001 1.6000003 0.0 1.6000003 0.0 1.6000003 1.6000003 1.6000003 0.0 0.0 0.0 3.2000005 1.6000001 3.2000005 1.6000003 0.0 0.0 0.0 1.6000003 1.6000003 0.0 1.6000003 0.0 -1.6000003 1.6000003 -1.6000001 -1.6000001 -1.6000001 0.0 1.6000003 
1.6000001 1.6000001 -1.6000003 -1.6000003 0.0 3.2000005 -1.6000001 1.6000001 0.0 1.6000003 0.0 1.6000003 -1.6000003 4.8000007 0.0 1.6000001 1.6000003 0.0 1.6000003 1.6000003 3.2000003 0.0 1.6000001 1.6000003 3.2000005 1.6000003 3.2000005 1.6000001 0.0 1.6000001 1.6000001 3.2000003 1.6000001 4.8000007 0.0 0.0 0.0 0.0 0.0 0.0 0.0 3.2000003 0.0 0.0 1.6000003 1.6000003 1.6000003 0.0 3.2000003 1.6000001 -1.6000001 1.6000003 1.6000003 1.6000003 -3.2000005 4.8000007 0.0 0.0 -1.6000003 0.0 -1.6000003 1.6000003 -1.6000001 
-2.4000003 -0.8 0.80000013 0.80000013 2.4000003 -0.80000025 4.0000005 -0.80000013 4.0000005 2.4000003 0.80000013 0.80000013 0.80000013 2.4000003 2.4000003 0.80000013 2.4000003 -0.80000013 2.4000003 0.80000013 0.80000013 2.4000003 0.80000013 -0.80000013 2.4000003 0.80000013 0.80000013 -0.8 2.4000003 -2.4000003 -0.8 0.80000013 -0.8 -0.80000013 0.80000013 2.4000003 -0.8 -0.80000013 0.80000013 0.80000013 -0.80000013 -0.8 2.4000003 -2.4000003 2.4000003 0.80000013 2.4000003 -0.80000013 0.80000013 -0.80000013 0.80000013 2.4000003 2.4000003 0.80000013 -0.8 2.4000003 -4.0000005 -2.4 -0.80000013 0.80000013 -0.80000013 -0.80000013 0.80000013 
2.4000003 2.4000003 -0.80000013 -0.80000013 0.80000013 -4.0000005 -0.80000013 2.4000003 0.80000013 2.4000003 0.80000013 2.4000003 4.0000005 -4.0000005 0.80000013 2.4000003 2.4000003 0.80000013 2.4000003 0.80000013 2.4000003 0.80000013 2.4000003 -0.80000013 -0.80000013 -0.80000013 -0.80000013 5.600001 0.80000013 0.80000013 -2.4 -0.8 -0.8 -0.80000013 5.600001 0.80000013 0.80000013 0.80000013 -0.8 0.80000013 -0.80000013 4.0000005 0.80000013 -0.80000013 2.4000003 2.4000003 2.4000003 -0.80000013 2.4000003 2.4000003 -2.4000003 2.4000003 2.4000003 2.4000003 2.4000003 -2.4000003 0.80000013 0.80000013 -2.4000003 -0.80000013 -2.4000003 -4.0000005 -0.8 
1.6000001 1.6000001 -1.6000001 1.6000003 3.2000005 1.6000001 4.8000007 1.6000001 0.0 1.6000001 0.0 0.0 -1.6000003 -1.1920929E-7 0.0 1.6000001 1.6000001 -1.6000001 3.2000005 1.6000001 -4.8000007 0.0 1.6000001 1.1920929E-7 3.2000003 1.6000001 -1.1920929E-7 -1.6000003 0.0 1.6000001 -1.6000001 3.2000003 3.2000005 -1.6000003 -1.1920929E-7 0.0 0.0 0.0 -1.6000003 0.0 0.0 -3.2000005 0.0 0.0 1.6000001 1.6000001 -1.6000003 0.0 -4.8000007 1.6000001 -1.6000001 1.6000001 1.6000001 1.6000001 -4.8000007 1.6000001 0.0 0.0 -1.6000001 3.2000005 1.6000003 0.0 4.8000007 
0.0 0.0 -3.2000005 -1.6000003 0.0 1.6000003 3.2000005 0.0 0.0 1.6000003 0.0 1.6000003 1.6000001 0.0 -1.6000003 1.6000003 1.6000003 0.0 1.6000003 3.2000005 -1.6000003 -1.6000003 1.6000003 0.0 1.6000003 0.0 3.2000005 0.0 -1.6000003 0.0 -1.6000001 0.0 -1.6000001 1.6000003 1.6000003 -1.6000003 0.0 0.0 0.0 0.0 1.6000003 0.0 -1.6000003 1.6000003 1.6000003 1.6000003 1.6000003 1.6000003 -1.6000003 0.0 0.0 1.6000003 1.6000003 1.6000003 0.0 0.0 -1.6000001 -1.6000001 -1.6000003 0.0 -1.6000003 -1.6000001 0.0 
1.6000003 0.0 -1.6000003 -3.2000005 -1.6000003 1.6000003 1.6000001 0.0 1.6000001 0.0 -1.6000003 3.2000005 0.0 -1.6000003 0.0 1.6000001 0.0 1.6000003 0.0 0.0 -1.6000003 0.0 1.6000001 1.6000003 0.0 -1.6000003 0.0 -1.6000003 0.0 1.6000003 -1.6000003 -1.6000003 -3.2000005 -1.6000003 0.0 0.0 0.0 0.0 0.0 -1.6000003 -1.6000003 -1.6000003 0.0 0.0 0.0 1.6000003 1.6000001 -1.6000003 -1.6000003 0.0 0.0 0.0 0.0 1.6000003 0.0 -1.6000003 0.0 -1.6000003 -1.6000003 -1.6000003 -3.2000005 0.0 0.0 

-1.6000003 -1.6000003 -2.4000003 -2.4000003 -1.6000001 -1.6000003 0.0 

0.0

0.80000013

0.001

A B C D E J K 