-0.2 0.0 0.0 0.2 0.0 -0.4 0.2 0.0 0.0 0.2 0.4 0.0 0.0 0.0 0.0 0.0 0.2 0.20000002 0.2 0.0 0.0 0.0 0.0 0.20000002 0.2 0.4 0.0 0.0 0.0 -0.2 0.2 0.0 0.2 -0.20000002 0.2 0.0 0.2 0.0 0.2 0.2 0.2 0.0 0.0 0.0 0.4 0.20000002 0.4 0.2 0.0 0.0 0.0 0.2 0.2 0.0 0.2 0.0 -0.2 0.2 -0.20000002 -0.20000002 -0.20000002 0.0 0.2 
0.20000002 0.20000002 -0.2 -0.2 0.0 0.4 -0.20000002 0.2 0.0 0.2 0.0 0.2 -0.2 0.4 0.0 0.20000002 0.2 0.0 0.0 0.2 0.4 0.0 0.20000002 0.2 0.4 0.2 0.6 1.4901161E-8 0.0 0.20000002 0.2 0.4 0.0 0.4 0.20000002 0.0 0.0 0.0 0.0 0.0 0.0 0.4 0.0 0.0 0.2 0.2 0.2 0.0 0.4 0.2 -0.2 0.2 0.2 0.2 -0.4 0.4 0.0 0.0 -0.2 0.0 -0.2 0.2 -0.20000002 
-0.3 -0.10000002 0.1 0.1 0.3 -0.09999999 0.5 -0.1 0.5 0.3 0.1 0.1 0.1 0.3 0.3 0.1 0.3 -0.1 0.3 0.1 0.1 0.3 0.1 -0.1 0.3 0.1 0.1 -0.10000002 0.3 -0.3 -0.10000002 0.1 -0.10000002 -0.1 0.1 0.3 -0.10000002 -0.1 0.1 0.1 -0.1 -0.10000002 0.3 -0.3 0.3 0.1 0.3 -0.1 0.1 -0.1 0.1 0.3 0.3 0.1 -0.10000002 0.3 -0.5 -0.3 -0.1 0.1 -0.1 -0.1 0.1 
0.3 0.3 -0.1 -0.1 0.1 -0.3 -0.1 0.3 0.1 0.3 0.1 0.3 0.3 -0.3 0.1 0.3 0.3 0.1 0.3 0.1 0.3 0.1 0.3 0.1 0.1 0.1 0.1 0.5 0.1 0.1 -0.3 -0.10000002 -0.10000002 -0.1 0.70000005 0.1 0.1 0.1 -0.10000002 0.1 -0.1 0.5 0.1 -0.1 0.3 0.3 0.3 -0.1 0.3 0.3 -0.3 0.3 0.3 0.3 0.10000002 -0.10000002 0.1 0.1 -0.3 -0.1 -0.3 -0.3 -0.10000002 
0.1 0.1 -0.1 0.3 0.3 -0.1 0.70000005 0.10000002 0.3 0.3 0.1 0.1 -0.1 0.10000002 0.10000002 0.3 0.3 -0.10000002 0.3 0.1 -0.5 0.10000002 0.3 -0.10000002 0.5 0.1 -0.1 -0.3 0.10000002 0.1 -0.1 0.5 0.10000002 -0.5 0.1 0.10000002 0.1 0.1 0.1 0.1 -0.1 -0.5 0.10000002 0.1 0.3 0.3 -0.1 -0.1 -0.5 0.10000002 -0.10000002 0.3 0.3 0.3 -0.5 0.10000002 -0.1 -0.1 -0.3 0.3 0.1 -0.1 0.70000005 
0.0 0.0 -0.4 -0.2 0.0 0.2 0.4 0.0 0.0 0.2 0.0 0.2 0.20000002 0.0 -0.2 0.2 0.2 0.0 0.2 0.4 -0.2 -0.2 0.2 0.0 0.2 0.0 0.4 0.0 -0.2 0.0 -0.20000002 0.0 -0.20000002 0.2 0.2 -0.2 0.0 0.0 0.0 0.0 0.2 0.0 -0.2 0.2 0.2 0.2 0.2 0.2 -0.2 0.0 0.0 0.2 0.2 0.2 0.0 0.0 -0.20000002 -0.20000002 -0.2 0.0 -0.2 -0.20000002 0.0 
0.2 0.0 -0.2 -0.4 -0.2 0.2 0.20000002 0.0 0.20000002 0.0 -0.2 0.4 0.0 -0.2 0.0 0.20000002 0.0 0.2 0.0 0.0 -0.2 0.0 0.20000002 0.2 0.0 -0.2 0.0 -0.2 0.0 0.2 -0.2 -0.2 -0.4 -0.2 0.0 0.0 0.0 0.0 0.0 -0.2 -0.2 -0.2 0.0 0.0 0.0 0.2 0.20000002 -0.2 -0.2 0.0 0.0 0.0 0.0 0.2 0.0 -0.2 0.0 -0.2 -0.2 -0.2 -0.4 0.0 0.0 

-0.2 -0.2 -0.3 -0.3 -0.3 -0.2 0.0 

0.0

0.1

0.001

A B C D E J K 