-0.70000005 0.0 0.0 0.70000005 0.0 -1.4000001 0.70000005 0.0 0.0 0.70000005 1.4000001 0.0 0.0 0.0 0.0 0.0 0.70000005 0.70000005 0.70000005 0.0 0.0 0.0 0.0 0.70000005 0.70000005 1.4000001 0.0 0.0 0.0 -0.70000005 0.70000005 0.0 0.70000005 -0.70000005 0.70000005 0.0 0.70000005 0.0 0.70000005 0.70000005 0.70000005 0.0 0.0 0.0 1.4000001 0.70000005 1.4000001 0.70000005 0.0 0.0 0.0 0.70000005 0.70000005 0.0 0.70000005 0.0 -0.70000005 0.70000005 -0.70000005 -0.70000005 -0.70000005 0.0 0.70000005 
0.70000005 0.70000005 -0.70000005 -0.70000005 0.0 1.4000001 -0.70000005 0.70000005 0.0 0.70000005 0.0 0.70000005 -0.70000005 1.4000001 0.0 0.70000005 0.70000005 0.0 0.0 0.70000005 1.4000001 0.0 0.70000005 0.70000005 1.4000001 0.70000005 2.1000001 0.0 0.0 0.70000005 0.70000005 1.4000001 0.0 1.4000001 0.70000005 0.0 0.0 0.0 0.0 0.0 0.0 1.4000001 0.0 0.0 0.70000005 0.70000005 0.70000005 0.0 1.4000001 0.70000005 -0.70000005 0.70000005 0.70000005 0.70000005 -1.4000001 1.4000001 0.0 0.0 -0.70000005 0.0 -0.70000005 0.70000005 -0.70000005 
-1.0500001 -0.35000002 0.35000002 0.35000002 1.0500001 -0.35000002 1.7500001 -0.35000002 1.7500001 1.0500001 0.35000002 0.35000002 0.35000002 1.0500001 1.0500001 0.35000002 1.0500001 -0.35000002 1.0500001 0.35000002 0.35000002 1.0500001 0.35000002 -0.35000002 1.0500001 0.35000002 0.35000002 -0.35000002 1.0500001 -1.0500001 -0.35000002 0.35000002 -0.35000002 -0.35000002 0.35000002 1.0500001 -0.35000002 -0.35000002 0.35000002 0.35000002 -0.35000002 -0.35000002 1.0500001 -1.0500001 1.0500001 0.35000002 1.0500001 -0.35000002 0.35000002 -0.35000002 0.35000002 1.0500001 1.0500001 0.35000002 -0.35000002 1.0500001 -1.7500001 -1.0500001 -0.35000002 0.35000002 -0.35000002 -0.35000002 0.35000002 
1.0500001 1.0500001 -0.35000002 -0.35000002 0.35000002 -1.7500001 -0.35000002 1.0500001 0.35000002 1.0500001 0.35000002 1.0500001 1.7500001 -1.7500001 0.35000002 1.0500001 1.0500001 0.35000002 1.0500001 0.35000002 1.0500001 0.35000002 1.0500001 -0.35000002 -0.35000002 -0.35000002 -0.35000002 2.4500003 0.35000002 0.35000002 -1.0500001 -0.35000002 -0.35000002 -0.35000002 2.4500003 0.35000002 0.35000002 0.35000002 -0.35000002 0.35000002 -0.35000002 1.7500001 0.35000002 -0.35000002 1.0500001 1.0500001 1.0500001 -0.35000002 1.0500001 1.0500001 -1.0500001 1.0500001 1.0500001 1.0500001 1.0500001 -1.0500001 0.35000002 0.35000002 -1.0500001 -0.35000002 -1.0500001 -1.7500001 -0.35000002 
0.35000002 0.35000002 -0.35000002 1.0500001 1.0500001 -0.35000002 2.4500003 0.35000002 1.0500001 1.0500001 0.35000002 0.35000002 -0.35000002 0.35000002 0.35000002 1.0500001 1.0500001 -0.35000002 1.0500001 0.35000002 -1.7500001 0.35000002 1.0500001 -0.35000002 1.7500001 0.35000002 -0.35000002 -1.0500001 0.35000002 0.35000002 -0.35000002 1.7500001 0.35000002 -1.7500001 0.35000002 0.35000002 0.35000002 0.35000002 0.35000002 0.35000002 -0.35000002 -1.7500001 0.35000002 0.35000002 1.0500001 1.0500001 -0.35000002 -0.35000002 -1.7500001 0.35000002 -0.35000002 1.0500001 1.0500001 1.0500001 -1.7500001 0.35000002 -0.35000002 -0.35000002 -1.0500001 1.0500001 0.35000002 -0.35000002 2.4500003 
0.0 0.0 -1.4000001 -0.70000005 0.0 0.70000005 1.4000001 0.0 0.0 0.70000005 0.0 0.70000005 0.70000005 0.0 -0.70000005 0.70000005 0.70000005 0.0 0.70000005 1.4000001 -0.70000005 -0.70000005 0.70000005 0.0 0.70000005 0.0 1.4000001 0.0 -0.70000005 0.0 -0.70000005 0.0 -0.70000005 0.70000005 0.70000005 -0.70000005 0.0 0.0 0.0 0.0 0.70000005 0.0 -0.70000005 0.70000005 0.70000005 0.70000005 0.70000005 0.70000005 -0.70000005 0.0 0.0 0.70000005 0.70000005 0.70000005 0.0 0.0 -0.70000005 -0.70000005 -0.70000005 0.0 -0.70000005 -0.70000005 0.0 
0.70000005 0.0 -0.70000005 -1.4000001 -0.70000005 0.70000005 0.70000005 0.0 0.70000005 0.0 -0.70000005 1.4000001 0.0 -0.70000005 0.0 0.70000005 0.0 0.70000005 0.0 0.0 -0.70000005 0.0 0.70000005 0.70000005 0.0 -0.70000005 0.0 -0.70000005 0.0 0.70000005 -0.70000005 -0.70000005 -1.4000001 -0.70000005 0.0 0.0 0.0 0.0 0.0 -0.70000005 -0.70000005 -0.70000005 0.0 0.0 0.0 0.70000005 0.70000005 -0.70000005 -0.70000005 0.0 0.0 0.0 0.0 0.70000005 0.0 -0.70000005 0.0 -0.70000005 -0.70000005 -0.70000005 -1.4000001 0.0 0.0 

-0.70000005 -0.70000005 -1.0500001 -1.0500001 -1.0500001 -0.70000005 0.0 

0.0

0.35000002

0.001

A B C D E J K 