-2.8500004 -0.95000017 -0.95000017 2.8500004 -0.95000017 -4.750001 0.95000017 -0.95000017 -0.95000017 0.95000017 4.750001 -0.95000017 -0.95000017 -0.95000017 -0.95000017 -0.95000017 2.8500004 0.95000005 2.8500004 -0.95000017 -0.95000017 -0.95000017 -0.95000017 2.8500004 0.95000017 4.750001 -0.95000017 -0.95000017 -0.95000017 -0.95000017 0.95000017 -0.95000017 0.95000017 -0.95000005 0.95000017 -0.95000017 2.8500004 0.95000017 2.8500004 2.8500004 2.8500004 -0.95000017 0.95000017 -0.95000017 2.8500004 0.95000005 2.8500004 0.95000017 0.95000017 0.95000017 -0.95000017 0.95000017 0.95000017 -0.95000017 0.95000017 0.95000017 -0.95000017 2.8500004 -2.8500004 -2.8500004 -2.8500004 0.95000017 2.8500004 
1.9000002 1.9000002 -1.9000003 -1.9000003 0.0 3.8000007 -1.9000002 1.9000002 0.0 1.9000003 0.0 1.9000003 -1.9000003 5.7000012 0.0 1.9000002 1.9000003 0.0 1.9000003 1.9000003 3.8000007 0.0 1.9000002 1.9000003 3.8000007 1.9000003 3.8000007 1.9000002 0.0 1.9000002 1.9000002 3.8000007 1.9000002 5.7000012 0.0 0.0 0.0 0.0 0.0 0.0 0.0 3.8000007 0.0 0.0 1.9000003 1.9000003 1.9000003 0.0 3.8000007 1.9000002 -1.9000002 1.9000003 1.9000003 1.9000003 -3.8000007 5.7000012 0.0 0.0 -1.9000003 0.0 -1.9000003 1.9000003 -1.9000002 
-2.8500004 -0.95000005 0.95000017 0.95000017 2.8500004 -0.9500003 4.750001 -0.95000017 4.750001 2.8500004 0.95000017 0.95000017 0.95000017 2.8500004 2.8500004 0.95000017 2.8500004 -0.95000017 2.8500004 0.95000017 0.95000017 2.8500004 0.95000017 -0.95000017 2.8500004 0.95000017 0.95000017 -0.95000005 2.8500004 -2.8500004 -0.95000005 0.95000017 -0.95000005 -0.95000017 0.95000017 2.8500004 -0.95000005 -0.95000017 0.95000017 0.95000017 -0.95000017 -0.95000005 2.8500004 -2.8500004 2.8500004 0.95000017 2.8500004 -0.95000017 0.95000017 -0.95000017 0.95000017 2.8500004 2.8500004 0.95000017 -0.95000005 2.8500004 -4.750001 -2.8500004 -0.95000017 0.95000017 -0.95000017 -0.95000017 0.95000017 
2.8500004 2.8500004 -0.95000017 -0.95000017 0.95000017 -4.750001 -0.95000017 2.8500004 0.95000017 2.8500004 0.95000017 2.8500004 4.750001 -4.750001 0.95000017 2.8500004 2.8500004 0.95000017 2.8500004 0.95000017 2.8500004 0.95000017 2.8500004 -0.95000017 -0.95000017 -0.95000017 -0.95000017 6.6500015 0.95000017 0.95000017 -2.8500004 -0.95000005 -0.95000005 -0.95000017 6.6500015 0.95000017 0.95000017 0.95000017 -0.95000005 0.95000017 -0.95000017 4.750001 0.95000017 -0.95000017 2.8500004 2.8500004 2.8500004 -0.95000017 2.8500004 2.8500004 -2.8500004 2.8500004 2.8500004 2.8500004 2.8500004 -2.8500004 0.95000017 0.95000017 -2.8500004 -0.95000017 -2.8500004 -4.750001 -0.95000005 
1.9000002 1.9000002 -1.9000002 1.9000003 3.8000007 1.9000002 5.7000012 1.9000002 0.0 1.9000002 0.0 0.0 -1.9000003 -1.1920929E-7 0.0 1.9000002 1.9000002 -1.9000002 3.8000007 1.9000002 -5.7000012 0.0 1.9000002 1.1920929E-7 3.8000007 1.9000002 -1.1920929E-7 -1.9000003 0.0 1.9000002 -1.9000002 3.8000007 3.8000007 -1.9000003 -1.1920929E-7 0.0 0.0 0.0 -1.9000003 0.0 0.0 -3.8000007 0.0 0.0 1.9000002 1.9000002 -1.9000003 0.0 -5.7000012 1.9000002 -1.9000002 1.9000002 1.9000002 1.9000002 -5.7000012 1.9000002 0.0 0.0 -1.9000002 3.8000007 1.9000003 0.0 5.7000012 
0.0 0.0 -3.8000007 -1.9000003 0.0 1.9000003 1.9000002 0.0 0.0 1.9000003 0.0 1.9000003 1.9000002 -1.9000003 -1.9000003 1.9000003 1.9000003 0.0 1.9000003 3.8000007 -1.9000003 -1.9000003 1.9000003 0.0 1.9000003 0.0 3.8000007 0.0 -1.9000003 0.0 -1.9000002 0.0 -1.9000002 1.9000003 1.9000003 -1.9000003 0.0 0.0 0.0 0.0 1.9000003 0.0 -1.9000003 1.9000003 1.9000003 1.9000003 1.9000003 1.9000003 -1.9000003 0.0 0.0 1.9000003 1.9000003 1.9000003 0.0 0.0 -1.9000002 -1.9000002 -1.9000003 0.0 -1.9000003 -1.9000002 0.0 
1.9000003 0.0 -1.9000003 -3.8000007 -1.9000003 1.9000003 1.9000002 0.0 1.9000002 0.0 -1.9000003 3.8000007 0.0 -1.9000003 0.0 1.9000002 0.0 1.9000003 0.0 0.0 -1.9000003 0.0 1.9000002 1.9000003 0.0 -1.9000003 0.0 -1.9000003 0.0 1.9000003 -1.9000003 -1.9000003 -3.8000007 -1.9000003 0.0 0.0 0.0 0.0 0.0 -1.9000003 -1.9000003 -1.9000003 0.0 0.0 0.0 1.9000003 1.9000002 -1.9000003 -1.9000003 0.0 0.0 0.0 0.0 1.9000003 0.0 -1.9000003 0.0 -1.9000003 -1.9000003 -1.9000003 -3.8000007 0.0 0.0 

-0.95000017 -1.9000003 -2.8500004 -2.8500004 -1.9000002 -1.9000003 0.0 

0.0

0.95000017

0.001

A B C D E J K 