-2.7000005 -0.90000015 -0.90000015 2.7000005 -0.90000015 -4.500001 0.90000015 -0.90000015 -0.90000015 0.90000015 4.500001 -0.90000015 -0.90000015 -0.90000015 -0.90000015 -0.90000015 2.7000005 0.9000003 2.7000005 -0.90000015 -0.90000015 -0.90000015 -0.90000015 2.7000005 0.90000015 4.500001 -0.90000015 -0.90000015 -0.90000015 -0.90000015 0.90000015 -0.90000015 0.90000015 -0.9000003 0.90000015 -0.90000015 2.7000005 0.90000015 2.7000005 2.7000005 2.7000005 -0.90000015 0.90000015 -0.90000015 2.7000005 0.9000003 2.7000005 0.90000015 0.90000015 0.90000015 -0.90000015 0.90000015 0.90000015 -0.90000015 0.90000015 0.90000015 -0.90000015 2.7000005 -2.7000005 -2.7000005 -2.7000005 0.90000015 2.7000005 
1.8000004 1.8000004 -1.8000003 -1.8000003 0.0 3.6000006 -1.8000004 1.8000003 0.0 1.8000003 0.0 1.8000003 -1.8000003 3.6000006 0.0 1.8000004 1.8000003 0.0 0.0 1.8000003 3.6000009 0.0 1.8000004 1.8000003 3.6000006 1.8000003 5.400001 1.1920929E-7 0.0 1.8000004 1.8000003 3.6000006 0.0 3.6000006 1.8000004 0.0 0.0 0.0 0.0 0.0 0.0 3.6000009 0.0 0.0 1.8000003 1.8000003 1.8000003 0.0 3.6000009 1.8000003 -1.8000003 1.8000003 1.8000003 1.8000003 -3.6000006 3.6000006 0.0 0.0 -1.8000003 0.0 -1.8000003 1.8000003 -1.8000004 
-2.7000005 -0.9000003 0.90000015 0.90000015 2.7000005 -0.90000004 4.500001 -0.90000015 4.500001 2.7000005 0.90000015 0.90000015 0.90000015 2.7000005 2.7000005 0.90000015 2.7000005 -0.90000015 2.7000005 0.90000015 0.90000015 2.7000005 0.90000015 -0.90000015 2.7000005 0.90000015 0.90000015 -0.9000003 2.7000005 -2.7000005 -0.9000003 0.90000015 -0.9000003 -0.90000015 0.90000015 2.7000005 -0.9000003 -0.90000015 0.90000015 0.90000015 -0.90000015 -0.9000003 2.7000005 -2.7000005 2.7000005 0.90000015 2.7000005 -0.90000015 0.90000015 -0.90000015 0.90000015 2.7000005 2.7000005 0.90000015 -0.9000003 2.7000005 -4.500001 -2.7000008 -0.90000015 0.90000015 -0.90000015 -0.90000015 0.90000015 
2.7000005 2.7000005 -0.90000015 -0.90000015 0.90000015 -2.7000005 -0.90000015 2.7000005 0.90000015 2.7000005 0.90000015 2.7000005 2.7000008 -2.7000005 0.90000015 2.7000005 2.7000005 0.90000015 2.7000005 0.90000015 2.7000005 0.90000015 2.7000005 0.90000015 0.90000015 0.90000015 0.90000015 4.500001 0.90000015 0.90000015 -2.7000008 -0.9000003 -0.9000003 -0.90000015 6.300001 0.90000015 0.90000015 0.90000015 -0.9000003 0.90000015 -0.90000015 4.500001 0.90000015 -0.90000015 2.7000005 2.7000005 2.7000005 -0.90000015 2.7000005 2.7000005 -2.7000005 2.7000005 2.7000005 2.7000005 0.9000003 -0.9000003 0.90000015 0.90000015 -2.7000005 -0.90000015 -2.7000005 -2.7000008 -0.9000003 
0.90000015 0.90000015 -0.90000015 2.7000005 2.7000005 -0.90000015 6.300001 0.9000003 2.7000005 2.7000005 0.90000015 0.90000015 -0.90000015 0.9000003 0.9000003 2.7000005 2.7000005 -0.9000003 2.7000008 0.90000015 -4.500001 0.9000003 2.7000005 -0.9000003 4.500001 0.90000015 -0.90000015 -2.7000005 0.9000003 0.90000015 -0.90000015 4.500001 0.9000003 -4.500001 0.90000015 0.9000003 0.90000015 0.90000015 0.90000015 0.90000015 -0.90000015 -4.500001 0.9000003 0.90000015 2.7000005 2.7000005 -0.90000015 -0.90000015 -4.500001 0.9000003 -0.9000003 2.7000005 2.7000005 2.7000005 -4.500001 0.9000003 -0.90000015 -0.90000015 -2.7000005 2.7000005 0.90000015 -0.90000015 6.300001 
0.0 0.0 -3.6000006 -1.8000003 0.0 1.8000003 3.6000006 0.0 0.0 1.8000003 0.0 1.8000003 1.8000004 0.0 -1.8000003 1.8000003 1.8000003 0.0 1.8000003 3.6000006 -1.8000003 -1.8000003 1.8000003 0.0 1.8000003 0.0 3.6000006 0.0 -1.8000003 0.0 -1.8000004 0.0 -1.8000004 1.8000003 1.8000003 -1.8000003 0.0 0.0 0.0 0.0 1.8000003 0.0 -1.8000003 1.8000003 1.8000003 1.8000003 1.8000003 1.8000003 -1.8000003 0.0 0.0 1.8000003 1.8000003 1.8000003 0.0 0.0 -1.8000004 -1.8000004 -1.8000003 0.0 -1.8000003 -1.8000004 0.0 
1.8000003 0.0 -1.8000003 -3.6000006 -1.8000003 1.8000003 1.8000004 0.0 1.8000004 0.0 -1.8000003 3.6000006 0.0 -1.8000003 0.0 1.8000004 0.0 1.8000003 0.0 0.0 -1.8000003 0.0 1.8000004 1.8000003 0.0 -1.8000003 0.0 -1.8000003 0.0 1.8000003 -1.8000003 -1.8000003 -3.6000006 -1.8000003 0.0 0.0 0.0 0.0 0.0 -1.8000003 -1.8000003 -1.8000003 0.0 0.0 0.0 1.8000003 1.8000004 -1.8000003 -1.8000003 0.0 0.0 0.0 0.0 1.8000003 0.0 -1.8000003 0.0 -1.8000003 -1.8000003 -1.8000003 -3.6000006 0.0 0.0 

-0.90000015 -1.8000003 -2.7000005 -2.7000005 -2.7000005 -1.8000003 0.0 

0.0

0.90000015

0.001

A B C D E J K 